1.4_1HZ.csv
Size	;	90000	;	10000
[[  14    7    0    0    5    6   14]
 [   7  497    0    0    7   12   67]
 [   0    1  590    0   24    2   20]
 [   0    4    3   41    5    2   39]
 [   1   26    9    2 5683   63   61]
 [   3   16    0    1   44 1153  148]
 [   2   68    3    8   47  180 1115]]
1.4_2HZ.csv
Size	;	180000	;	20000
[[   44    13     0     0    17     8    20]
 [    4   945     1     2    20    19   144]
 [    0     3  1162     1    41    10    43]
 [    1    13     3    88     5     4    69]
 [    5    60    10     2 11301    80   153]
 [    5    31     6     0    65  2308   293]
 [    8   146     9    17    88   310  2423]]
1.4_3HZ.csv
Size	;	270000	;	30000
[[   66    29     1     2    15    17    44]
 [    4  1481     0     0    30    35   235]
 [    0     7  1771     1    45    12    63]
 [    0    20     3   120    12    11    88]
 [    3   104    12     4 17011   113   197]
 [    7    50     6     2    88  3442   435]
 [   16   181     9    17   157   493  3541]]
1.4_4HZ.csv
Size	;	360000	;	40000
[[   74    41     0     1    22    30    60]
 [    9  1951     1     1    38    42   254]
 [    0    16  2343     3    64    18    77]
 [    1    20     9   194     7     6   130]
 [    4   131    33     3 22756   151   272]
 [    2    70    13     7   118  4690   588]
 [   11   238    22    30   168   586  4695]]
1.4_5HZ.csv
Size	;	450000	;	50000
[[  109    35     0     0    30    35    70]
 [   11  2479     0     4    49    49   343]
 [    0     9  2912     1    76    18   110]
 [    2    22     6   221    14     7   155]
 [    5   154    41     5 28324   184   331]
 [   10    71    16     7   152  5956   726]
 [   14   309    24    44   211   797  5852]]
1.4_6HZ.csv
Size	;	540000	;	60000
[[  125    54     0     0    33    48    86]
 [   11  3022     2     3    65    63   362]
 [    0    12  3555     2    82    21   110]
 [    2    22     4   276    11    17   204]
 [    7   176    41     7 34027   222   395]
 [   10   100     9     5   191  6965   910]
 [   13   357    25    46   216   882  7204]]
1.4_7HZ.csv
Size	;	630000	;	70000
[[  177    56     0     0    34    62    79]
 [    8  3374     1     7    73    90   437]
 [    1    20  4194     2    97    23   139]
 [    0    38     5   323    21    11   257]
 [    5   229    37    10 39891   255   469]
 [   10   107    12     4   188  8153  1027]
 [   28   372    29    60   247  1097  8241]]
1.4_8HZ.csv
Size	;	719999	;	80000
[[  174    56     0     2    52    53   123]
 [   15  3907     1     6    64    72   524]
 [    0    20  4760     4   118    23   149]
 [    1    38     7   435    24    16   246]
 [    4   274    48    10 45627   284   541]
 [   12   127    29     9   199  9194  1243]
 [   24   473    46    68   311  1209  9378]]
1.4_9HZ.csv
Size	;	809999	;	90000
[[  175    86     2     2    47    72   134]
 [   12  4400     4     6    83    89   616]
 [    0    20  5340     4   126    32   174]
 [    2    46     9   418    22    25   300]
 [    9   230    54    11 51358   318   595]
 [    9   136    19    10   210 10456  1309]
 [   18   500    31    83   326  1344 10728]]
1.4_10HZ.csv
Size	;	899999	;	100000
[[  204    88     0     2    57    72   143]
 [   28  4880     2    11    88    98   615]
 [    1    20  5923     6   160    26   209]
 [    1    39     6   494    34    27   299]
 [   10   257    72     5 57039   355   632]
 [   14   157    29     8   290 11656  1445]
 [   26   570    47    90   400  1431 11934]]
1.4_11HZ.csv
Size	;	990000	;	110000
[[  248   104     0     2    59    80   152]
 [   19  5511     4    12   116    99   712]
 [    1    17  6427     9   180    42   208]
 [    0    59     3   565    24    31   346]
 [    8   298    63     8 62509   358   712]
 [   21   155    37    13   298 12849  1629]
 [   29   665    60    93   426  1576 13163]]
1.4_12HZ.csv
Size	;	1080000	;	120000
[[  272    92     1     3    65    91   150]
 [   17  5953     1     5    89   100   739]
 [    0    26  7266     5   192    46   248]
 [    2    73     7   612    31    21   390]
 [   20   349    76     7 68303   398   802]
 [   12   175    22    11   284 14047  1683]
 [   34   706    51   104   431  1620 14368]]
1.4_13HZ.csv
Size	;	1170000	;	130000
[[  285    98     1     0    64    89   196]
 [   26  6437     4     9   126   140   861]
 [    1    29  7817     6   176    34   235]
 [    1    73     9   661    25    46   429]
 [   11   379    78    16 74098   424   833]
 [   17   139    30    15   332 15284  1784]
 [   38   731    50   101   474  1810 15478]]
1.4_14HZ.csv
Size	;	1260000	;	140000
[[  320   113     0     3    64   102   202]
 [   22  6840     4    10   148   139   915]
 [    0    28  8340     2   212    37   252]
 [    4    56     8   679    37    32   447]
 [   10   365    75    15 79698   472   888]
 [   17   193    20    14   299 16490  1929]
 [   40   796    68   119   496  2043 16937]]
1.4_15HZ.csv
Size	;	1350000	;	150000
[[  345   119     2     1    74   112   207]
 [   18  7449     2    12   153   142   971]
 [    0    38  8867     7   212    41   288]
 [    1    72     8   797    36    37   497]
 [   12   398    85    23 85453   529   939]
 [   15   201    32    19   393 17502  2107]
 [   32   825    71   128   539  2175 18014]]
1.4_16HZ.csv
Size	;	1440000	;	160000
[[  399   122     2     3    83   111   219]
 [   24  7829     2    18   160   140   989]
 [    1    32  9605     6   208    44   275]
 [    1    61     9   838    31    34   463]
 [   18   402   100    16 91416   487   958]
 [   19   227    24    10   385 18716  2320]
 [   44   909    69   131   524  2196 19320]]
1.4_17HZ.csv
Size	;	1530000	;	170000
[[  419   133     1     3    82   117   225]
 [   22  8239     3     8   161   146  1057]
 [    0    41 10078     5   214    38   307]
 [    0    91     6   879    25    34   493]
 [   19   456   106    15 97140   563  1037]
 [   20   227    35    13   427 19931  2350]
 [   49   980    71   152   584  2440 20558]]
1.4_18HZ.csv
Size	;	1619999	;	180000
[[   415    157      2      4    101    128    255]
 [    29   8807      5     12    175    170   1075]
 [     3     32  10670      6    263     43    329]
 [     2     69      8    946     43     40    544]
 [    14    475    134     15 102451    596   1133]
 [    21    245     46     20    437  21107   2558]
 [    45    996    101    140    607   2529  21997]]
1.4_19HZ.csv
Size	;	1709999	;	190000
[[   468    149      2      3     99    116    254]
 [    26   9448      4     16    172    169   1186]
 [     1     34  11440      8    239     55    354]
 [     1    100      7   1030     32     42    569]
 [    16    461    121     26 108438    613   1166]
 [    17    238     27     27    435  22317   2713]
 [    32   1077     81    169    676   2635  22691]]
1.4_20HZ.csv
Size	;	1800000	;	200000
[[   461    170      3      6    100    140    300]
 [    24   9915      5      8    203    173   1202]
 [     1     44  11931      5    255     69    368]
 [     1     91     10   1053     39     58    619]
 [    21    529    108     26 114230    595   1221]
 [    21    268     32     26    471  23457   2782]
 [    41   1134     71    167    660   2728  24158]]
1.4_21HZ.csv
Size	;	1889999	;	210000
[[   482    146      5      3     72    148    299]
 [    28  10523      5     11    206    193   1361]
 [     0     40  12469      6    257     65    338]
 [     2     89      8   1106     38     49    639]
 [    25    495    105     26 119391    648   1334]
 [    27    282     41     17    479  24912   3035]
 [    59   1192     86    183    673   2913  25489]]
1.4_22HZ.csv
Size	;	1979999	;	220000
[[   551    161      1      4    107    175    293]
 [    36  10876      7     20    215    198   1413]
 [     4     53  13145      9    273     64    386]
 [     2     99      5   1172     47     64    644]
 [    15    541    117     23 125413    706   1373]
 [    34    314     46     14    517  26026   3108]
 [    58   1207     77    174    694   2948  26571]]
1.4_23HZ.csv
Size	;	2069999	;	230000
[[   545    180      1      6    102    141    319]
 [    41  11254      5     15    238    175   1438]
 [     1     42  13754      4    286     72    399]
 [     2     97      5   1239     43     58    666]
 [    28    607    134     24 131271    757   1347]
 [    24    288     60     28    572  27201   3237]
 [    72   1240    113    192    762   3083  27832]]
1.4_24HZ.csv
Size	;	2159999	;	240000
[[   568    189      1      7    104    172    368]
 [    33  11961      6     13    230    204   1502]
 [     2     45  14226      7    273     65    417]
 [     2    111      4   1272     48     56    782]
 [    25    584    173     16 136933    772   1388]
 [    32    312     60     36    528  28099   3405]
 [    70   1358     99    186    773   3245  29238]]
1.4_25HZ.csv
Size	;	2250000	;	250000
[[   623    203      1      1    124    164    331]
 [    42  12262      4     20    219    224   1528]
 [     2     50  14839      5    305     74    443]
 [     1     95     12   1386     56     45    774]
 [    14    617    150     18 142792    789   1503]
 [    49    327     62     25    581  29523   3564]
 [    74   1375    119    230    786   3371  30198]]
1.4_26HZ.csv
Size	;	2340000	;	260000
[[   622    181      2      6    128    186    364]
 [    35  12744      8     19    274    214   1650]
 [     3     55  15711     13    303     84    417]
 [     6    109     11   1394     51     60    812]
 [    25    635    146     13 148266    812   1579]
 [    28    289     45     24    582  30802   3701]
 [    67   1419    130    238    868   3446  31423]]
1.4_27HZ.csv
Size	;	2430000	;	270000
[[   693    197      3      8    110    170    368]
 [    35  13449      5     12    252    220   1693]
 [     0     62  16185      9    322     81    461]
 [     1    132     10   1467     72     64    804]
 [    27    682    152     23 153844    833   1629]
 [    24    357     64     21    623  31941   3720]
 [    61   1456    117    231    901   3595  32814]]
1.4_28HZ.csv
Size	;	2520000	;	280000
[[   733    219      1      5    137    176    402]
 [    40  13791      5     24    278    247   1748]
 [     3     58  16747      7    323     81    470]
 [     2    128     10   1509     53     60    790]
 [    19    690    136     28 160062    908   1660]
 [    25    355     58     32    613  33006   3831]
 [    81   1537    136    219    928   3666  33963]]
1.4_29HZ.csv
Size	;	2609999	;	290000
[[   668    198      4      4    139    194    415]
 [    43  14301      6     19    269    220   1839]
 [     0     64  17368     10    350     89    509]
 [     5    135     10   1578     56     73    885]
 [    24    660    154     32 165578    863   1668]
 [    45    389     58     36    676  34400   4021]
 [    63   1557    118    227    941   3811  35228]]
1.4_30HZ.csv
Size	;	2699999	;	300000
[[   758    205      2      5    148    207    414]
 [    45  14913      4     16    292    245   1817]
 [     1     54  17860     10    381     95    533]
 [     3    120      9   1727     74     68    913]
 [    28    749    173     27 171085    937   1773]
 [    44    384     63     30    681  35444   4200]
 [    73   1670    121    252    955   4054  36338]]
1.4_31HZ.csv
Size	;	2790000	;	310000
[[   791    223      4      5    139    207    454]
 [    38  15494      5     31    278    242   1845]
 [     0     62  18533      7    353     86    483]
 [     1    155     13   1649     57     80    890]
 [    29    757    172     42 177058    873   1800]
 [    45    411     68     37    679  36556   4366]
 [    58   1755    120    242    935   4134  37738]]
1.4_32HZ.csv
Size	;	2880000	;	320000
[[   823    221      0      4    138    233    450]
 [    60  15730      3     16    304    282   2031]
 [     1     77  18993     12    368    104    547]
 [     3    146     19   1796     74     62    940]
 [    27    783    197     41 182813    953   1865]
 [    59    379     69     31    674  37990   4491]
 [    67   1761    125    260    992   4029  38957]]
1.4_33HZ.csv
Size	;	2970000	;	330000
[[   797    231      1      6    178    242    461]
 [    33  16422      6     24    305    254   1998]
 [     2     43  19650      8    396    101    527]
 [     6    139     11   1821     74     73   1025]
 [    28    761    196     33 188510    978   1927]
 [    42    462     70     40    740  38990   4546]
 [    78   1750    127    264   1048   4333  40243]]
1.4_34HZ.csv
Size	;	3060000	;	340000
[[   835    254      3      5    142    243    463]
 [    45  17094      7     25    325    261   1952]
 [     1     66  20238     17    397    117    607]
 [     4    134     12   1899     90     92    997]
 [    30    830    210     39 194476   1004   1948]
 [    31    422     70     34    676  40248   4664]
 [    98   1782    127    258    945   4429  41354]]
1.4_35HZ.csv
Size	;	3149999	;	350000
[[   859    306      0      5    135    224    482]
 [    60  17189      3     23    333    243   2174]
 [     0     74  20916      6    393    106    567]
 [     5    138     10   1877     66     77    986]
 [    30    826    205     41 200090   1036   2090]
 [    47    455     87     34    740  41408   4901]
 [    82   1871    128    270   1065   4389  42948]]
1.4_36HZ.csv
Size	;	3240000	;	360000
[[   963    268      1      4    145    252    488]
 [    58  17724      6     31    332    301   2212]
 [     2     58  21514     10    422    114    601]
 [     5    128     15   1934     67     86   1000]
 [    33    853    203     34 205504   1080   2185]
 [    38    440     67     30    773  42908   4944]
 [   115   2001    146    251   1080   4558  44016]]
1.4_37HZ.csv
Size	;	3329999	;	370000
[[   980    268      4      9    143    238    553]
 [    51  18487      5     33    342    336   2246]
 [     0     63  22285     11    410    102    633]
 [     0    151     11   2000     59     96   1045]
 [    34    880    202     35 210918   1091   2109]
 [    51    399     71     55    742  44171   5116]
 [    96   1964    134    302   1114   4600  45355]]
1.4_38HZ.csv
Size	;	3420000	;	380000
[[   942    266      2      3    145    256    567]
 [    56  18801      5     30    339    316   2376]
 [     0     74  22911      8    425    110    651]
 [     5    167     14   2074     87     91   1120]
 [    27    923    200     26 217034   1109   2152]
 [    47    458     72     50    756  45036   5239]
 [    95   2025    143    305   1108   4903  46451]]
1.4_39HZ.csv
Size	;	3510000	;	390000
[[  1013    270      2      5    169    269    552]
 [    49  19477      5     35    395    298   2397]
 [     3     85  23435     15    421    104    653]
 [     6    156     16   2158     62     73   1157]
 [    40    918    198     35 222974   1160   2272]
 [    44    506     75     37    855  46116   5318]
 [   104   2027    159    325   1142   4948  47467]]
1.4_40HZ.csv
Size	;	3600000	;	400000
[[  1013    312      5     11    159    258    564]
 [    61  19995      8     32    399    326   2485]
 [     0     89  24155     14    477    120    665]
 [     3    158     14   2238     80    110   1128]
 [    39    853    187     33 227761   1188   2419]
 [    42    493     89     44    846  47596   5515]
 [    85   2160    176    329   1152   5096  49018]]
1.4_41HZ.csv
Size	;	3689999	;	410000
[[  1058    281      4      7    154    292    556]
 [    50  20376      9     16    393    362   2536]
 [     4     79  24601     16    469    105    701]
 [     2    161     11   2277     89     83   1135]
 [    23    915    232     44 233962   1196   2262]
 [    42    538     83     47    858  48772   5530]
 [   106   2199    168    291   1216   5280  50409]]
1.4_42HZ.csv
Size	;	3779999	;	420000
[[  1091    297      3      7    184    276    581]
 [    64  21214      6     26    364    327   2532]
 [     0     87  25399     21    447    125    671]
 [     3    172     16   2351     73    119   1223]
 [    32   1048    210     24 239619   1254   2377]
 [    56    515     83     44    898  49579   5786]
 [   125   2234    176    310   1223   5345  51383]]
1.4_43HZ.csv
Size	;	3869999	;	430000
[[  1146    309      2     10    178    282    595]
 [    51  21438      7     24    386    344   2568]
 [     2     91  26051     15    484    115    668]
 [     6    187     16   2318     92     83   1242]
 [    34    990    242     39 245296   1294   2504]
 [    38    526     77     39    900  51030   5879]
 [    99   2309    171    319   1182   5363  52959]]
1.4_44HZ.csv
Size	;	3959999	;	440000
[[  1219    344      7      8    205    308    679]
 [    48  21835      6     32    395    379   2669]
 [     1     90  26102      8    453    106    753]
 [     2    193     14   2474     93     86   1272]
 [    32   1027    267     40 251715   1247   2495]
 [    43    467     97     40    943  52125   5841]
 [    97   2280    158    338   1289   5438  54240]]
1.4_45HZ.csv
Size	;	4049999	;	450000
[[  1121    305      5      8    175    273    661]
 [    53  22388      5     34    437    356   2706]
 [     1    102  26961     11    513    110    732]
 [     5    208     22   2449     89    121   1289]
 [    35   1061    236     40 257127   1323   2545]
 [    50    515     97     58    884  53538   6183]
 [   117   2317    175    366   1309   5554  55330]]
1.4_46HZ.csv
Size	;	4139999	;	460000
[[  1227    311      5      6    197    266    628]
 [    77  22973      5     24    407    331   2815]
 [     1     92  27397     11    521    131    708]
 [     4    189     14   2470     85    102   1352]
 [    42   1070    258     45 263334   1299   2542]
 [    47    571    110     36    974  54713   6204]
 [    88   2489    176    365   1321   5642  56325]]
1.4_47HZ.csv
Size	;	4229999	;	470000
[[  1242    382      3      3    216    269    699]
 [    51  23382      4     38    448    378   2850]
 [     4    112  28187     15    493    134    786]
 [     6    191     11   2526     79    111   1350]
 [    23   1090    262     43 268363   1406   2671]
 [    56    511    111     52    919  56122   6308]
 [   116   2461    177    391   1368   5789  57791]]
1.4_48HZ.csv
Size	;	4319999	;	480000
[[  1283    329      2      6    236    312    692]
 [    96  23744     17     40    441    367   2967]
 [     4     95  28697     12    516    131    785]
 [     7    235     15   2731     99    128   1363]
 [    37   1087    261     45 274489   1346   2725]
 [    44    555     97     49    986  56762   6423]
 [   126   2521    191    402   1378   5950  59176]]
1.4_49HZ.csv
Size	;	4409999	;	490000
[[  1320    381      3      3    201    325    685]
 [    64  24601      7     30    433    392   2962]
 [     3     98  29402     16    516    113    784]
 [     9    216     14   2724     77    111   1405]
 [    42   1103    257     54 279815   1406   2723]
 [    58    540     94     64    988  58151   6654]
 [   140   2553    147    397   1398   5985  60536]]
1.4_50HZ.csv
Size	;	4500000	;	500000
[[  1371    371      1      7    206    345    664]
 [    77  24831      9     47    453    414   3007]
 [     1    103  29875     12    533    153    813]
 [     4    201     10   2826     93     99   1426]
 [    31   1121    275     40 285909   1432   2787]
 [    53    604     96     60   1006  59671   6551]
 [   119   2683    178    407   1367   6159  61499]]
1.4_51HZ.csv
Size	;	4590000	;	510000
[[  1379    380      4      9    183    304    689]
 [    67  25335      7     41    491    399   3046]
 [     2     83  30803     11    563    135    819]
 [    11    217     16   2798    105    115   1496]
 [    33   1173    268     44 291200   1389   3049]
 [    58    638    101     50    988  60740   6886]
 [   121   2670    199    389   1476   6129  62891]]
1.4_52HZ.csv
Size	;	4680000	;	520000
[[  1439    352      5     11    203    305    776]
 [    77  25947     12     33    441    402   3155]
 [     3    110  31163     13    534    170    822]
 [     6    200     10   2909     95    130   1483]
 [    30   1149    258     50 297048   1449   2840]
 [    60    582    104     62   1015  62344   6808]
 [   112   2764    184    409   1434   6425  64067]]
1.4_53HZ.csv
Size	;	4770000	;	530000
[[  1413    372      3      9    179    355    758]
 [    65  26298     11     35    445    430   3198]
 [     1    102  32056     11    503    162    870]
 [     9    241     20   2911    106    124   1493]
 [    30   1196    271     47 303082   1452   2846]
 [    62    642     82     70   1002  63670   6956]
 [   130   2785    189    388   1437   6365  65118]]
1.4_54HZ.csv
Size	;	4860000	;	540000
[[  1490    391      1      8    223    365    717]
 [    71  26650     15     43    461    393   3256]
 [     4    100  32369     16    513    142    871]
 [     2    227     23   3122    106    106   1508]
 [    29   1159    312     60 309241   1486   3041]
 [    44    629    115     73    973  64320   7180]
 [   129   2845    198    438   1521   6444  66570]]
1.4_55HZ.csv
Size	;	4950000	;	550000
[[  1432    389      3     11    198    353    786]
 [    83  27286      8     42    494    436   3323]
 [     1    106  33104     15    568    149    933]
 [     8    235     17   3085    105    131   1560]
 [    46   1261    283     45 314501   1450   3021]
 [    49    648    118     69   1082  66039   7264]
 [   128   2777    214    452   1504   6504  67684]]
1.4_56HZ.csv
Size	;	5040000	;	560000
[[  1516    380      5      8    191    379    765]
 [    54  28020     11     41    478    470   3341]
 [     2    113  33810     19    563    142    874]
 [     7    230      8   3143     88    121   1586]
 [    40   1300    306     58 319974   1569   3125]
 [    66    640    112     64   1046  66970   7285]
 [   117   3026    202    448   1519   6737  69031]]
1.4_57HZ.csv
Size	;	5129999	;	570000
[[  1596    412      3      9    207    400    783]
 [    74  28404     12     45    516    440   3457]
 [     3     98  34084     16    570    175    942]
 [     8    234     18   3202     98    147   1673]
 [    40   1271    276     53 325758   1589   3092]
 [    54    677    109     47   1072  68208   7573]
 [   141   2993    184    472   1597   6561  70607]]
1.4_58HZ.csv
Size	;	5219999	;	580000
[[  1642    420      9      9    216    368    794]
 [    74  28864     12     51    543    455   3398]
 [     3    111  34725     12    555    174    941]
 [     4    240     17   3279    107    133   1606]
 [    47   1294    314     69 332001   1594   3250]
 [    55    678    103     46   1076  69593   7445]
 [   148   3052    202    425   1556   6837  71453]]
1.4_59HZ.csv
Size	;	5309999	;	590000
[[  1591    412      3      7    222    340    858]
 [    72  29415      8     39    580    471   3563]
 [     5    121  35491     16    607    169    962]
 [     7    236     17   3312     82    152   1644]
 [    36   1302    326     46 337279   1618   3202]
 [    55    651    119     70   1103  70892   7593]
 [   128   3015    214    504   1545   6895  73005]]
1.4_60HZ.csv
Size	;	5399999	;	600000
[[  1713    417      3      3    202    355    795]
 [    87  29898     12     45    547    440   3565]
 [     5    130  36273     22    585    171    992]
 [     5    258     16   3335     83    136   1774]
 [    33   1310    289     47 342763   1667   3227]
 [    65    726    137     70   1107  71869   7790]
 [   133   3108    184    451   1612   7006  74539]]
1.4_61HZ.csv
Size	;	5489999	;	610000
[[  1672    382      3     10    234    381    891]
 [    81  30595     12     49    504    471   3691]
 [     2    108  36224     16    627    164    964]
 [     5    256      7   3566     84    177   1777]
 [    50   1321    333     47 348287   1664   3353]
 [    64    726    112     65   1133  73320   8008]
 [   120   3157    231    459   1662   7035  75900]]
1.4_62HZ.csv
Size	;	5580000	;	620000
[[  1701    401      4     19    210    368    838]
 [    91  31025      9     49    539    462   3660]
 [     5     97  37485     19    622    184    980]
 [     9    245     12   3666    118    135   1762]
 [    60   1349    315     49 354233   1568   3384]
 [    53    692    115     78   1218  74328   7779]
 [   149   3094    205    489   1650   7123  77354]]
1.4_63HZ.csv
Size	;	5670000	;	630000
[[  1765    417      7      7    242    413    876]
 [    81  31545      9     53    523    522   3775]
 [     2    107  38043     14    647    168   1015]
 [     9    269     14   3588    103    136   1790]
 [    44   1374    343     68 360092   1709   3391]
 [    74    694    109     64   1187  75184   8165]
 [   123   3251    226    481   1723   7393  78165]]
1.4_64HZ.csv
Size	;	5760000	;	640000
[[  1805    414      3     10    243    377    870]
 [    65  31823     10     50    499    477   3747]
 [     4    124  38615     20    568    184   1009]
 [    11    237     12   3661    109    162   1777]
 [    36   1414    308     45 366248   1667   3418]
 [    64    725    116     67   1186  77044   8201]
 [   152   3265    230    525   1663   7344  79396]]
1.4_65HZ.csv
Size	;	5850000	;	650000
[[  1797    445      2     16    228    416    918]
 [    77  32682     10     53    579    502   3788]
 [     2    119  39058     11    656    190   1008]
 [     3    243     17   3795    117    138   1866]
 [    48   1436    336     39 371949   1755   3643]
 [    60    707    133     66   1168  78076   8196]
 [   145   3356    211    516   1668   7377  80379]]
1.4_66HZ.csv
Size	;	5940000	;	660000
[[  1938    429      5     10    235    405    960]
 [    85  32761     14     52    617    487   3943]
 [     1    128  39695     20    640    177   1038]
 [     4    276     16   3720    120    152   1816]
 [    45   1388    385     58 378084   1740   3642]
 [    72    743    138     73   1197  79128   8215]
 [   150   3421    245    476   1722   7613  81721]]
1.4_67HZ.csv
Size	;	6030000	;	670000
[[  1995    439      4     14    214    403    904]
 [    94  33207     12     47    578    476   3965]
 [     3    142  40115     21    646    163   1074]
 [     3    291     13   3814    104    159   1850]
 [    42   1492    317     55 383452   1799   3689]
 [    72    755    126     72   1186  80372   8424]
 [   135   3382    228    483   1837   7754  83578]]
1.4_68HZ.csv
Size	;	6120000	;	680000
[[  1838    440      7      7    234    429    948]
 [    80  33701     10     58    589    480   4044]
 [     0    131  41055     19    657    188   1046]
 [     6    284     22   3905    125    139   1925]
 [    50   1488    368     59 389540   1788   3610]
 [    73    764    136     74   1221  81279   8601]
 [   131   3502    229    517   1672   7756  84775]]
1.4_69HZ.csv
Size	;	6209999	;	690000
[[  1948    466      2     16    245    408    927]
 [    94  34389      9     63    577    521   3999]
 [     6    123  41491     19    632    169   1049]
 [    10    282     16   3922    130    144   1936]
 [    43   1421    343     71 394824   1851   3654]
 [    69    769    149     78   1220  83214   8697]
 [   134   3504    285    548   1774   7772  85987]]
1.4_70HZ.csv
Size	;	6299999	;	700000
[[  1976    461      0     10    243    406    974]
 [    71  35155      5     50    671    497   4099]
 [     2    126  42066     22    693    192   1089]
 [     5    283     17   4082    136    172   1911]
 [    46   1513    342     53 400028   1867   3743]
 [    68    773    144     73   1226  84012   8811]
 [   142   3602    228    518   1822   7941  87634]]
1.4_71HZ.csv
Size	;	6389999	;	710000
[[  1987    469      2      9    218    452    925]
 [    92  35588     12     57    607    515   4221]
 [     3    126  43020     22    653    179   1096]
 [     4    285     18   4141    133    146   1869]
 [    42   1565    378     64 405500   1907   3792]
 [    63    844    138     73   1247  86144   8774]
 [   173   3589    209    534   1752   7948  88415]]
1.4_72HZ.csv
Size	;	6479999	;	720000
[[  2067    468      3     12    221    417    971]
 [    85  36177      8     60    661    517   4178]
 [     4    142  43723     20    675    200   1152]
 [     6    262     18   4159    123    173   1964]
 [    48   1586    398     54 411930   1974   3805]
 [    54    863    133     90   1268  86182   9024]
 [   157   3742    239    533   1839   8188  89427]]
1.4_73HZ.csv
Size	;	6569999	;	730000
[[  2033    511      7     15    225    426    945]
 [    87  36818      9     57    644    500   4237]
 [     3    117  44240     20    652    203   1097]
 [     6    303     13   4189    130    170   2053]
 [    40   1592    399     51 417694   2003   3828]
 [    74    773    124     80   1274  87745   9326]
 [   149   3736    256    541   1824   8211  90570]]
1.4_74HZ.csv
Size	;	6659999	;	740000
[[  2143    482      9     13    254    426   1016]
 [    83  37007     13     51    669    545   4352]
 [     2    144  44951     20    667    200   1179]
 [     6    310     18   4247    138    156   1995]
 [    60   1629    373     61 423164   1975   3974]
 [    50    855    126     80   1278  89278   9145]
 [   175   3789    236    508   1870   8489  91789]]
1.4_75HZ.csv
Size	;	6750000	;	750000
[[  2116    495      1     17    257    441   1004]
 [    77  37657     12     68    640    554   4458]
 [     3    119  45212     22    689    185   1212]
 [    11    315     21   4229    128    182   2152]
 [    64   1616    356     51 428863   1949   4039]
 [    68    817    143     86   1349  90520   9357]
 [   160   3815    238    559   1966   8290  93417]]
1.4_76HZ.csv
Size	;	6840000	;	760000
[[  2070    464      2      7    257    469   1016]
 [    65  38137     14     52    713    535   4527]
 [     2    150  45706     23    718    184   1162]
 [     8    310     17   4426    123    149   2114]
 [    53   1567    352     52 434788   2003   4079]
 [    68    845    165     85   1387  91802   9582]
 [   152   3771    248    602   1887   8405  94687]]
1.4_77HZ.csv
Size	;	6930000	;	770000
[[  2186    502      9     11    268    503   1033]
 [   100  38146     11     59    651    602   4464]
 [     2    127  46448     18    675    223   1165]
 [    10    307     22   4513    155    173   2078]
 [    54   1639    424     43 440860   1969   4073]
 [    56    868    170     88   1326  92686   9534]
 [   141   3930    238    576   1953   8566  96345]]
1.4_78HZ.csv
Size	;	7020000	;	780000
[[  2172    480      6     12    258    473   1065]
 [   104  38948      7     50    667    519   4496]
 [     3    165  47123     22    729    205   1192]
 [     9    313     13   4558    127    157   2161]
 [    47   1634    419     72 446651   2065   4215]
 [    56    807    156    103   1362  94490   9663]
 [   134   3959    265    578   1931   8547  96812]]
1.4_79HZ.csv
Size	;	7110000	;	790000
[[  2298    517      6     20    258    460   1078]
 [    97  39866      8     58    706    531   4602]
 [     2    125  47724     21    686    236   1227]
 [     4    321     13   4583    139    169   2174]
 [    54   1696    419     69 451213   1961   4192]
 [    69    822    168     78   1350  95580   9775]
 [   127   3912    275    649   1986   8803  98873]]
1.4_80HZ.csv
Size	;	7200000	;	800000
[[  2385    506      3     19    275    482   1087]
 [   125  40158     16     72    657    557   4573]
 [     5    142  48424     17    708    203   1262]
 [     8    297     17   4656    142    160   2173]
 [    63   1707    440     62 458057   2045   4197]
 [    75    899    143     89   1404  95963   9894]
 [   161   4092    266    551   1955   8891  99917]]
1.4_81HZ.csv
Size	;	7290000	;	810000
[[  2348    546      5     13    273    467   1157]
 [    97  40595     10     55    682    535   4779]
 [     1    157  48968     22    723    189   1300]
 [     7    321     15   4706    160    184   2228]
 [    44   1719    410     65 464097   2016   4219]
 [    78    851    149     92   1410  97289   9945]
 [   176   4047    267    645   1941   8841 101156]]
1.4_82HZ.csv
Size	;	7379999	;	820000
[[  2345    546      4     14    237    477   1102]
 [   115  40877     12     67    704    590   4883]
 [     1    164  49637     24    742    215   1290]
 [     8    305     16   4617    143    195   2273]
 [    57   1723    410     59 469502   2066   4197]
 [    76    857    164     83   1419  98757  10294]
 [   169   4235    265    611   1981   9127 102345]]
1.4_83HZ.csv
Size	;	7469999	;	830000
[[  2411    570      5     11    259    485   1086]
 [   103  41918      5     55    732    535   4848]
 [     2    161  50134     15    767    204   1279]
 [     9    332     22   4834    153    170   2266]
 [    42   1783    432     64 475152   2054   4343]
 [    78    938    177     83   1472  99646  10191]
 [   159   4129    239    637   2090   9172 103748]]
1.4_84HZ.csv
Size	;	7559999	;	840000
[[  2426    575      5     10    283    527   1182]
 [    95  42190     16     72    704    542   4767]
 [     2    152  50545     16    741    237   1310]
 [     9    334     26   4882    141    187   2296]
 [    49   1667    448     69 481478   2196   4444]
 [    71    901    161    104   1468 101054  10534]
 [   158   4266    264    648   2059   9211 104478]]
1.4_85HZ.csv
Size	;	7650000	;	850000
[[  2538    548      3     16    280    512   1125]
 [   102  42682     12     67    777    586   5029]
 [     3    136  51463     23    753    235   1329]
 [     6    326     19   4887    149    194   2328]
 [    45   1801    431     72 486460   2226   4425]
 [    78    882    155     69   1483 102601  10501]
 [   177   4305    250    607   2038   9309 105957]]
1.4_86HZ.csv
Size	;	7739999	;	860000
[[  2622    547      4     16    284    525   1158]
 [   101  43032     11     64    743    622   5062]
 [     4    155  52205     20    785    232   1371]
 [     7    337     14   4845    128    204   2294]
 [    59   1934    451     86 492395   2200   4404]
 [    81    911    136    107   1472 102869  10628]
 [   169   4287    276    618   2145   9515 107865]]
1.4_87HZ.csv
Size	;	7830000	;	870000
[[  2479    551      4     15    284    505   1170]
 [   120  43619     12     72    777    570   4991]
 [     2    159  52292     29    787    215   1398]
 [     6    335     13   4942    150    202   2394]
 [    59   1737    480     68 498175   2213   4571]
 [    78    963    177    101   1444 104960  10669]
 [   190   4373    263    658   2163   9414 109151]]
1.4_88HZ.csv
Size	;	7919999	;	880000
[[  2595    563      7      9    287    520   1182]
 [    89  44168     13     78    784    631   5090]
 [     4    166  52805     21    732    234   1351]
 [    10    366     21   5064    157    192   2391]
 [    68   1830    459     71 503834   2228   4504]
 [    82    929    181    111   1513 106373  10840]
 [   176   4402    267    642   2115   9620 110225]]
