1.4_0,1HZ.csv
Size	;	9000	;	1000
[[  0   1   1   0   1   0   4]
 [  0  48   0   0   0   2   9]
 [  0   0  58   0   2   1   0]
 [  0   0   0   5   1   0   5]
 [  0   4   2   0 559   6  11]
 [  0   1   0   0   3 116  19]
 [  0   5   1   1  12  17 105]]
1.4_0,2HZ.csv
Size	;	18000	;	2000
[[   2    2    0    0    0    2    5]
 [   0   92    0    0    3    1   16]
 [   0    1  103    0   11    1    4]
 [   0    3    0    5    2    0   14]
 [   3    8    5    0 1135   10   15]
 [   0    5    1    0    8  224   32]
 [   0   12    3    2   17   26  227]]
1.4_0,3HZ.csv
Size	;	27000	;	3000
[[   4    5    0    0    3    0    5]
 [   0  143    2    0    1    5   23]
 [   0    0  163    0   14    0    4]
 [   0    0    0   11    2    1   17]
 [   1    9    1    0 1647   15   34]
 [   0   12    2    0    9  344   68]
 [   2   28    2    1   19   59  344]]
1.4_0,4HZ.csv
Size	;	36000	;	4000
[[   6    4    0    0    4    0    3]
 [   2  220    0    0    2    8   36]
 [   0    0  217    0   12    4    7]
 [   0    1    1   15    4    3   18]
 [   1   14    4    2 2258   17   33]
 [   1    8    1    0   27  449   59]
 [   2   22    1    2   22   82  428]]
1.4_0,5HZ.csv
Size	;	45000	;	5000
[[  13    6    0    0    2    4   11]
 [   2  228    0    0    2    8   44]
 [   0    3  300    1   14    2   12]
 [   0    1    1   24    3    1   31]
 [   1   17    3    1 2771   30   29]
 [   0   13    0    0   34  551   79]
 [   2   34    2    6   22   85  607]]
1.4_0,6HZ.csv
Size	;	54000	;	6000
[[   8    7    0    0    4    5    8]
 [   0  266    0    0    8    9   49]
 [   0    3  331    0   18    0   11]
 [   0    3    3   26    3    1   30]
 [   1   16    4    2 3336   26   53]
 [   0    8    2    2   32  689   94]
 [   1   44    7    4   43  130  713]]
1.4_0,7HZ.csv
Size	;	63000	;	7000
[[  15   10    1    0    8    8    5]
 [   1  326    0    0    8    7   49]
 [   0    2  445    1   15    4    9]
 [   0    6    1   27    2    5   24]
 [   2   30   12    1 3998   31   47]
 [   0    8    3    1   31  806  106]
 [   0   42    6    8   39  122  728]]
1.4_0,8HZ.csv
Size	;	72000	;	8000
[[  10   10    0    0    9    9   12]
 [   0  382    0    1   10   12   62]
 [   0    2  469    2   19    4   19]
 [   0    2    1   33    2    3   40]
 [   2   31    7    2 4469   34   58]
 [   2    8    1    0   37  879  140]
 [   2   42    8   14   40  149  962]]
1.4_0,9HZ.csv
Size	;	81000	;	9000
[[  17   13    0    1    5    8   16]
 [   3  430    0    1    9   13   60]
 [   0    6  483    0   21    6   25]
 [   0    4    1   49    2    0   31]
 [   1   22    4    0 5204   41   68]
 [   0   16    2    0   39 1020  135]
 [   5   46    8    9   52  154  970]]
