1.3_train_10HZ.csv
Size	;	633333	;	33333
[[   82    28     0     0    18    23    47]
 [    4  1666     1     1    39    36   200]
 [    0    13  2044     2    55    14    71]
 [    0    14     3   179     7     5   127]
 [    6    86    12     4 18957   109   210]
 [    5    47     4     1    77  3897   496]
 [    7   181    16    24   136   477  3902]]
1.3_train_10HZ.csv
Size	;	599999	;	66667
[[  146    47     0     0    40    44   103]
 [   14  3231     1     4    77    61   407]
 [    0    21  4077     3   105    21   120]
 [    0    29     5   312    11    15   210]
 [    5   197    38     6 38257   221   437]
 [    3    93    20     8   182  7779   921]
 [   10   346    43    66   251   967  7713]]
1.3_train_20HZ.csv
Size	;	1300000	;	33333
[[   83    32     0     4    12    30    44]
 [    5  1677     1     2    33    39   198]
 [    0     9  2136     1    27     9    60]
 [    1    17     2   155    10     2    87]
 [    4    78    13     1 18863   115   212]
 [    3    41     6     5    93  3866   429]
 [    8   188    18    27   114   455  4118]]
1.3_train_20HZ.csv
Size	;	1199999	;	133334
[[  335   108     0     1    61    75   200]
 [   13  6552     2     7   146   135   823]
 [    0    33  8051     7   176    42   258]
 [    3    55     6   698    25    38   424]
 [   11   339    65    13 76138   457   809]
 [   17   176    26     9   295 15594  1858]
 [   32   687    83   117   488  1748 16098]]
1.3_train_30HZ.csv
Size	;	1966666	;	33333
[[   86    18     0     0    17    14    42]
 [    5  1631     1     0    32    28   209]
 [    1     7  1960     0    40    13    51]
 [    0    19     1   182    10     7    88]
 [    6    79    18     4 19077   105   197]
 [    4    47    10     5    70  3928   469]
 [    8   181    12    22   116   411  4102]]
1.3_train_30HZ.csv
Size	;	1799999	;	200000
[[   477    143      3      3     95    123    304]
 [    19   9794      6     22    181    196   1246]
 [     2     48  12197      6    217     60    326]
 [     2     93      9   1093     48     47    591]
 [    17    489    104     22 114373    579   1168]
 [    20    253     49     23    481  23567   2656]
 [    63   1052     60    165    683   2579  24246]]
1.3_train_40HZ.csv
Size	;	2633333	;	33333
[[  106    21     0     0    12    26    45]
 [    5  1613     2     3    32    21   178]
 [    1     5  2043     2    48     9    59]
 [    1    13     3   190    10     7    89]
 [    5    82    24     3 19131    78   180]
 [    2    46     6     3    67  3999   458]
 [    5   167    18    18    89   437  3971]]
1.3_train_40HZ.csv
Size	;	2399999	;	266667
[[   704    216      3      4    104    151    372]
 [    32  13238      4     22    242    246   1629]
 [     2     57  16373     10    283     82    463]
 [     1     97     11   1450     60     61    783]
 [    23    666    159     26 152410    768   1522]
 [    24    336     60     31    576  31306   3552]
 [    51   1369    116    205    900   3319  32548]]
1.3_train_50HZ.csv
Size	;	3300000	;	33333
[[   86    27     1     0    15    33    47]
 [    0  1622     0     2    26    33   201]
 [    1     7  2058     1    46    15    54]
 [    0    11     1   178     4    10    94]
 [    2    87    16     3 19042    92   183]
 [    4    48     5     6    64  4005   446]
 [    8   170    14    27    91   365  4082]]
1.3_train_50HZ.csv
Size	;	2999999	;	333334
[[   893    233      3      4    154    215    484]
 [    53  16602      5     29    305    280   2071]
 [     2     74  20347     10    318     90    599]
 [     3    139     14   1830     60     81    928]
 [    33    805    164     28 190606    898   1892]
 [    48    421     57     46    682  39396   4254]
 [    65   1786    138    276    962   4005  40946]]
1.3_train_60HZ.csv
Size	;	3966666	;	33333
[[   92    16     0     1    13    21    44]
 [   10  1666     0     4    31    31   191]
 [    1     5  2029     0    30    12    53]
 [    0    19     0   179     7     5    87]
 [    4    71    22     2 19038    84   159]
 [    2    41     7     3    75  3951   413]
 [    7   172    12    26   107   370  4220]]
1.3_train_60HZ.csv
Size	;	3599999	;	400000
[[  1032    288      3      5    158    247    534]
 [    48  19972     10     20    372    323   2332]
 [     5     73  24372     15    377    118    696]
 [     8    163     14   2153     57     80   1148]
 [    30    935    212     40 228322   1182   2347]
 [    48    477     87     53    787  47842   5114]
 [    76   2068    150    319   1261   4815  49212]]
1.3_train_70HZ.csv
Size	;	4633333	;	33333
[[   72    25     0     0    12    30    37]
 [    5  1639     1     2    27    27   180]
 [    1    12  2004     0    29    10    58]
 [    0     7     0   181     5    13    87]
 [    3    72    21     3 19250    83   177]
 [    4    36     7     1    85  3959   424]
 [   11   183    11    28   106   371  4034]]
1.3_train_70HZ.csv
Size	;	4199999	;	466667
[[  1239    328      7      9    165    294    637]
 [    48  22955      6     31    404    367   2776]
 [     3    106  28769     11    459    120    767]
 [     4    201     18   2613     76     98   1284]
 [    26   1016    266     53 267490   1252   2568]
 [    29    553     96     58    891  55551   5884]
 [   102   2362    146    359   1340   5466  57364]]
1.3_train_80HZ.csv
Size	;	5299999	;	33333
[[  113    29     1     0     9    26    48]
 [    7  1688     1     1    28    24   206]
 [    1    12  1955     1    46     9    53]
 [    0    11     1   189     7     8    97]
 [    2    67    15     1 19158    67   196]
 [    3    44     5     6    71  3960   423]
 [    5   172    11    30   101   370  4055]]
1.3_train_80HZ.csv
Size	;	4799998	;	533334
[[  1410    345      6      8    202    344    730]
 [    84  26388      8     44    450    464   3086]
 [     4    102  32803     13    513    159    924]
 [     3    229     11   2862    101    135   1475]
 [    43   1123    312     37 304979   1430   2961]
 [    48    601    107     51   1016  63509   6801]
 [   118   2693    174    393   1483   6161  66391]]
1.3_train_90HZ.csv
Size	;	5966666	;	33333
[[  102    16     0     0    13    15    34]
 [    4  1687     1     3    36    23   187]
 [    0     6  1932     0    31     8    60]
 [    0    13     2   164     1     6    94]
 [    3    70    16     4 19278   104   149]
 [    3    34    12     6    72  3918   406]
 [    6   175    10    20    81   407  4121]]
1.3_train_90HZ.csv
Size	;	5399999	;	600000
[[  1644    419      5     10    205    346    826]
 [    81  29954     11     38    498    435   3485]
 [     4    149  36553     19    583    174    952]
 [     3    263     13   3318    111    148   1644]
 [    43   1322    281     43 343597   1614   3346]
 [    62    696    107     65   1126  71631   7427]
 [   123   3012    212    448   1721   6838  74395]]
1.3_train_100HZ.csv
1.3_train_100HZ.csv
Size	;	6633333	;	33333
[[   82    16     1     0     9    20    50]
 [    3  1691     0     2    27    23   185]
 [    0     6  2086     1    33    10    59]
 [    1    17     0   197     4     7    85]
 [    4    64    19     3 19040    89   168]
 [    2    36     7     6    47  3955   392]
 [   10   181    15    27    90   375  4188]]
1.3_train_100HZ.csv
Size	;	5999999	;	666667
[[  1885    439      5      8    229    418    911]
 [    74  33600     15     42    592    520   3856]
 [     2    148  40709     19    649    200   1119]
 [     4    254     17   3778    110    152   1810]
 [    30   1401    343     58 380748   1786   3766]
 [    52    782    167     72   1195  79562   8207]
 [   136   3383    197    527   1783   7379  83528]]
