1.3_train_1HZ.csv
Size	;	33333	;	33333
[[   58    29     0     0    25    37    48]
 [    9  1471     2     0    58    49   260]
 [    1     5  1944     3    90    16    81]
 [    1    19     6   120    15     5   127]
 [    3   120    31     3 18917   160   264]
 [    8    74    11     3   171  3760   474]
 [   10   217    34    21   243   647  3683]]
1.3_train_1HZ.csv
Size	;	59999	;	6667
[[  17    3    0    0    6    5    9]
 [   3  308    0    1    3    4   44]
 [   0    0  407    0   18    1   11]
 [   0    6    2   33    3    1   24]
 [   0   23    2    1 3766   26   47]
 [   1   15    1    0   34  726  107]
 [   5   47    9    6   37  103  802]]
1.3_train_2HZ.csv
Size	;	100000	;	33333
[[   60    31     1     0    26    30    58]
 [    3  1504     0     8    36    33   236]
 [    0     7  1997     2    65    16    71]
 [    1    11     7   120    13     6   108]
 [    2   121    23     5 19104   129   230]
 [    7    62     9     7   131  3754   519]
 [    8   207    25    28   186   521  3805]]
1.3_train_2HZ.csv
Size	;	119999	;	13334
[[  22   11    0    0    9   18   18]
 [   2  588    2    3   18   16   99]
 [   0    2  760    1   27    3   37]
 [   0   13    1   55    9    7   50]
 [   1   52    7    0 7618   50   85]
 [   4   21    4    1   59 1524  195]
 [   3   70    9   10   84  217 1549]]
1.3_train_3HZ.csv
Size	;	166666	;	33333
[[   64    31     1     1    21    30    42]
 [    8  1608     1     3    46    50   232]
 [    0    11  1966     5    60    10    58]
 [    1    11     2   133    10     9    89]
 [    2   100    19     8 18981   147   251]
 [    3    48    12     1   111  3823   459]
 [    9   195    23    32   191   512  3903]]
1.3_train_3HZ.csv
Size	;	179999	;	20000
[[   41    19     0     1    17    17    23]
 [    4   955     3     2    27    19   111]
 [    1     4  1250     1    37     7    38]
 [    0     7     2   105     3     5    70]
 [    1    68     8     1 11332    92   136]
 [    0    39     7     1    63  2321   268]
 [    6   108    15     9    98   304  2354]]
1.3_train_4HZ.csv
Size	;	233333	;	33333
[[   67    32     0     0    29    31    48]
 [    7  1683     1     3    52    57   214]
 [    1     9  1894     3    61    12    61]
 [    0    15     8   149     9     6   129]
 [    1    99    28     4 18805   129   238]
 [    4    59     5     5   105  3845   460]
 [   12   175    17    22   156   520  4063]]
1.3_train_4HZ.csv
Size	;	239999	;	26667
[[   62    17     0     1    16    25    40]
 [    6  1238     2     3    20    21   175]
 [    0     5  1619     2    47    12    53]
 [    0    18     4   141    11     6    95]
 [    2    98    19     3 15130   102   174]
 [    6    41     4     2    72  3107   383]
 [    8   163     6    20   102   450  3136]]
1.3_train_5HZ.csv
Size	;	300000	;	33333
[[   66    21     0     1    21    22    50]
 [    9  1626     4     4    22    36   211]
 [    0    13  2004     1    69     6    64]
 [    0    16     6   167     8     8   107]
 [    2   106    24     2 19059   144   256]
 [    8    57     5     3   106  3723   483]
 [   13   177    17    32   173   505  3876]]
1.3_train_5HZ.csv
Size	;	299999	;	33334
[[   62    24     0     1    18    29    45]
 [    9  1590     0     1    24    42   207]
 [    0     8  2027     1    49     5    63]
 [    0    16     3   153    12    15   121]
 [    3   122    24     2 18913   124   248]
 [    7    57    15     4   100  3816   501]
 [    4   186    11    35   169   508  3960]]
1.3_train_6HZ.csv
Size	;	366666	;	33333
[[   71    25     0     0    22    26    49]
 [    3  1654     0     2    32    39   215]
 [    1     8  2065     2    55    20    61]
 [    1    14     2   147    13     7   113]
 [    2   103    25     3 18913   116   183]
 [    1    57     9    11    89  3866   475]
 [   14   190    16    25   152   523  3913]]
1.3_train_6HZ.csv
Size	;	359999	;	40000
[[   91    25     0     1    20    39    59]
 [    7  1889     0     4    38    46   266]
 [    1    10  2349     1    72    16    79]
 [    1    13     5   211     8     9   128]
 [    2   144    26     5 22947   161   262]
 [    3    68     5     5   103  4636   578]
 [    9   210    23    21   184   597  4623]]
1.3_train_7HZ.csv
Size	;	433333	;	33333
[[   72    29     0     2    18    23    56]
 [    8  1663     1     2    28    40   198]
 [    0     7  2030     0    50    10    64]
 [    1    11     4   167     3     7   111]
 [    1    85    19     6 19034   127   227]
 [    3    54    11     4   103  3822   455]
 [    6   182    14    26   130   500  3919]]
1.3_train_7HZ.csv
Size	;	419999	;	46667
[[   98    44     1     0    22    32    59]
 [    6  2228     2     4    47    52   295]
 [    1     8  2879     2    65    17    78]
 [    0    24     4   235    11    17   161]
 [    2   129    22     1 26597   136   295]
 [    9    65    19     5   150  5500   705]
 [   15   243    27    39   229   643  5444]]
1.3_train_8HZ.csv
Size	;	500000	;	33333
[[   64    18     0     0    16    24    41]
 [    1  1650     0     1    37    33   226]
 [    3     6  2005     4    59    11    72]
 [    0    14     2   164     4     3    89]
 [    5    71    20     2 19046   117   197]
 [    5    53     6     6   101  3833   463]
 [    6   190    20    38   128   492  3987]]
1.3_train_8HZ.csv
Size	;	479999	;	53334
[[  140    41     0     1    38    36    81]
 [   12  2629     0     4    50    46   307]
 [    3    23  3217     2    87    16   104]
 [    0    26     4   267     9    15   144]
 [    1   133    37     1 30507   184   332]
 [    9    95    16     2   153  6193   753]
 [   16   295    27    37   222   774  6245]]
1.3_train_9HZ.csv
Size	;	566666	;	33333
[[   78    31     0     1    29    17    39]
 [    4  1589     1     2    38    30   198]
 [    0    16  2043     3    53     9    67]
 [    0    14     1   165     8     7    84]
 [    0    97    29     2 19055   120   200]
 [    0    51     6     1   103  3824   457]
 [    9   206    16    27   153   500  3950]]
1.3_train_9HZ.csv
Size	;	539999	;	60000
[[  124    44     0     1    35    45    77]
 [    9  3020     2     4    62    68   388]
 [    0    12  3635     5   101    16   107]
 [    1    22     6   308    15    14   171]
 [    9   155    39    12 34051   228   402]
 [    5    99    19     7   162  7038   844]
 [   14   348    27    49   262   866  7072]]
