2.2_2HZ_windowed_discard_3_extracted.csv
Size	;	44740	;	22037
[[   33    15     0     1    25    11    33]
 [    3  1150     0     0    16    50    95]
 [    1     7  1203     0   101     8    62]
 [    0     3     2   115     9     5    71]
 [    1    66    14     5 12643   129   155]
 [    3    23     6     0   144  2499   214]
 [    6    66    16    17   199   206  2606]]
2.2_3HZ_windowed_discard_4_extracted.csv
Size	;	50375	;	24812
[[   36    27     1     0    19    17    24]
 [    0  1286     0     0    20    31    70]
 [    0     2  1432     1   106     9    44]
 [    0     8     3   108    14     7    85]
 [    3    54    16     4 14247   138   153]
 [    2    24     6     1   125  2951   217]
 [    3    53    18    12   187   254  2994]]
2.2_4HZ_windowed_discard_6_extracted.csv
Size	;	44737	;	22035
[[   31     9     0     0    19    14    20]
 [    1  1168     0     0    11    41    56]
 [    1     4  1301     2    76     7    50]
 [    0     1     3   133    17     5    54]
 [    8    36    10     8 12781   104   119]
 [    1    17     7     1   123  2528   183]
 [    8    40    28    28   159   185  2637]]
2.2_5HZ_windowed_discard_7_extracted.csv
Size	;	47963	;	23625
[[   42    12     0     1    20    16    17]
 [    7  1250     0     0    22    49    73]
 [    3     4  1387     3    99    11    50]
 [    0     3     1   142    22     8    40]
 [    3    33    11     3 13654    90   137]
 [    7    16    13     1   147  2768   175]
 [    4    47    14    11   147   199  2863]]
2.2_6HZ_windowed_discard_9_extracted.csv
Size	;	44738	;	22036
[[   41    18     0     0    21     8    25]
 [    1  1151     0     0    15    24    47]
 [    1     6  1239     1   102    11    42]
 [    0     1     2   125    14     7    44]
 [    2    21    20    11 12758    95   117]
 [    6    20    11     0   134  2520   179]
 [    4    29    23    21   163   209  2747]]
2.2_7HZ_windowed_discard_10_extracted.csv
Size	;	46989	;	23145
[[   34    11     1     0    21    19    26]
 [    0  1249     0     0    13    34    35]
 [    0     3  1313     3   112     8    44]
 [    0     2     1   137    14     6    54]
 [    7    28    15     7 13409   106   124]
 [    8    25    12     0   145  2738   184]
 [    2    27    18    14   160   192  2784]]
2.2_8HZ_windowed_discard_12_extracted.csv
Size	;	44752	;	22043
[[   43     8     1     0    18    14    14]
 [    3  1185     0     0    16    34    38]
 [    1     5  1260     5   102    12    49]
 [    0     2    10   132    10    11    49]
 [    5    14     9     6 12765    87   122]
 [    6    21    12     1   137  2576   144]
 [   10    34    19     9   154   164  2726]]
2.2_9HZ_windowed_discard_13_extracted.csv
Size	;	46483	;	22895
[[   43    11     1     1    15    17    28]
 [    1  1316     0     0    14    26    38]
 [    1     2  1327     3    98    10    40]
 [    0     2     0   138    15    14    39]
 [    4    23    16     6 13236    87   106]
 [    6    22    19     1   122  2637   168]
 [    8    21    19    19   172   186  2817]]
2.2_10HZ_windowed_discard_15_extracted.csv
Size	;	44751	;	22043
[[   44     6     0     0    16    19    22]
 [    3  1183     0     0     9    30    25]
 [    2     3  1258     0    92     6    54]
 [    0     1     3   130     6    12    43]
 [    1    14    24     5 12908    98   120]
 [    1    16    11     2   109  2567   161]
 [    8    18    15    15   139   175  2669]]
2.2_11HZ_windowed_discard_16_extracted.csv
Size	;	46173	;	22743
[[   43     9     0     0    23    15    16]
 [    3  1251     0     0    14    34    30]
 [    0     3  1301     5   105     7    35]
 [    0     1     1   133    13    10    47]
 [    3    17    18     3 13260    81   115]
 [    3    17     7     1   132  2651   161]
 [   12    21    24    15   148   190  2765]]
2.2_12HZ_windowed_discard_18_extracted.csv
Size	;	44757	;	22045
[[   44     9     1     0    10    12    15]
 [    1  1193     0     0    23    37    24]
 [    0     4  1312     4    75     4    29]
 [    0     1     4   128    14     8    43]
 [    2    26    17     5 12763    89   107]
 [    8    16    11     0   126  2588   139]
 [    8    15    15    12   144   188  2771]]
2.2_13HZ_windowed_discard_19_extracted.csv
Size	;	45957	;	22636
[[   44     9     0     0    18    16    22]
 [    0  1225     0     0    18    28    24]
 [    1     3  1345     3   109    10    32]
 [    1     0     1   125    21    11    38]
 [    3    20    17     9 13116    84    92]
 [    7    11    13     0   109  2723   156]
 [   10    18    18    12   148   181  2785]]
2.2_14HZ_windowed_discard_21_extracted.csv
Size	;	44761	;	22047
[[   41    10     0     0    19    17    17]
 [    2  1205     0     0    14    26    28]
 [    1     3  1326     7    76    11    31]
 [    0     1     4   132    12    10    40]
 [    6    11    18     9 12796    91    93]
 [    2    18    11     2   114  2595   154]
 [    5    23    20    18   143   173  2712]]
2.2_15HZ_windowed_discard_22_extracted.csv
Size	;	45799	;	22558
[[   47     8     0     0    23    10    23]
 [    1  1222     0     0    11    20    26]
 [    0     3  1308     0    97     5    41]
 [    0     1     5   136    17     6    46]
 [    4    12    10     7 13162    77   116]
 [    6    20    11     1    95  2657   163]
 [   10    11    21     9   150   154  2806]]
2.2_16HZ_windowed_discard_24_extracted.csv
Size	;	44764	;	22048
[[   46     8     0     1    19    11    20]
 [    3  1188     0     0    23    24    27]
 [    0     2  1343     2   113     4    24]
 [    0     0     1   133    12     6    44]
 [    1     7    14    10 12787    95    84]
 [    6    16    11     1   115  2612   165]
 [    3    22    19     7   139   164  2716]]
2.2_17HZ_windowed_discard_25_extracted.csv
Size	;	45669	;	22494
[[   45     5     0     1    21    16    21]
 [    5  1260     0     0    16    37    24]
 [    1     0  1317     4    94    11    24]
 [    1     1     5   127    17    10    41]
 [    1    14    11     7 13131    80    84]
 [   10    13     9     2   116  2573   166]
 [   10    20    11    14   137   170  2811]]
2.2_18HZ_windowed_discard_27_extracted.csv
Size	;	44764	;	22048
[[   33    12     1     1    24    14    13]
 [    0  1211     1     0    15    33    21]
 [    0     3  1231     3    99     6    31]
 [    0     0     4   132    12     9    42]
 [    5    19    20     9 12754    82    79]
 [    6    17     6     0   117  2621   144]
 [    7    22    30    13   141   169  2836]]
2.2_19HZ_windowed_discard_28_extracted.csv
Size	;	45581	;	22451
[[   38    14     0     0    24    15    27]
 [    1  1195     0     0    21    36    20]
 [    0     4  1322     4    97     8    34]
 [    0     2     7   126    18     9    49]
 [    1    17    18     4 13075    99   108]
 [    1    13     7     2   111  2650   168]
 [   10    11    18     6   150   175  2736]]
2.2_20HZ_windowed_discard_30_extracted.csv
Size	;	44766	;	22050
[[   53     8     1     0    22    17    26]
 [    2  1235     1     0    15    22    27]
 [    0     2  1327     1    93     4    33]
 [    0     1     5   124    17     8    41]
 [    2    16    19     4 12803    78    91]
 [    7    11    14     0   121  2582   167]
 [    5    19    16    13   148   144  2705]]
2.2_21HZ_windowed_discard_31_extracted.csv
Size	;	45501	;	22412
[[   63     9     0     0    19    16    21]
 [    1  1253     1     0    21    28    22]
 [    2     1  1363     3    87     6    30]
 [    0     1     3   126    16     9    50]
 [    2    16    22     2 12945    92    87]
 [    6    19    13     0   124  2616   161]
 [    6    27    17    12   148   169  2777]]
2.2_22HZ_windowed_discard_33_extracted.csv
Size	;	44768	;	22050
[[   52     7     0     0    15    14    19]
 [    1  1203     1     0    13    36    19]
 [    0     2  1290     6    90    12    34]
 [    0     1     8   132    20    10    43]
 [    3    13    10     9 12754    79    85]
 [    6    16     8     0    94  2628   143]
 [    7    19    16    13   140   172  2807]]
2.2_23HZ_windowed_discard_34_extracted.csv
Size	;	45439	;	22381
[[   50     7     0     0    22     8    22]
 [    2  1295     0     0    19    30    14]
 [    1     2  1346     3    84     5    34]
 [    0     1     1   117     8     8    38]
 [    5    22    12    14 13041    65    82]
 [    3    13     9     1   119  2618   174]
 [    7    15    15    14   123   158  2754]]
2.2_24HZ_windowed_discard_36_extracted.csv
Size	;	44768	;	22050
[[   43     6     0     0    19    20    16]
 [    3  1224     0     0    20    32    15]
 [    0     2  1290     1    93     4    32]
 [    0     2     4   141    18     3    37]
 [    3    16    13     3 12867    89    87]
 [    4    16    13     1   123  2563   145]
 [    7    18    12     7   157   165  2716]]
2.2_25HZ_windowed_discard_37_extracted.csv
Size	;	45387	;	22355
[[   58     7     0     0    15    15    13]
 [    2  1214     1     0    14    27    27]
 [    1     1  1342     4   110     4    37]
 [    0     0     5   128    13    14    40]
 [    4     8     6     3 13091    75    67]
 [    4    11     7     2   118  2615   140]
 [    8    24    17    10   142   170  2741]]
2.2_26HZ_windowed_discard_39_extracted.csv
Size	;	44770	;	22052
[[   47     1     0     0    23    11    20]
 [    3  1210     0     0    12    29    25]
 [    0     3  1208     4    90    10    22]
 [    0     1     5   125    15    10    45]
 [    1    11     8     9 12925    82    64]
 [    4    16    17     4   130  2647   154]
 [   10     9    15     7   152   148  2720]]
2.2_27HZ_windowed_discard_40_extracted.csv
Size	;	45346	;	22335
[[   46     4     2     0    19    14    10]
 [    3  1228     0     0    22    36    23]
 [    1     6  1402     2    73     3    24]
 [    0     0     2   139    14     6    45]
 [    3    16    13     5 12919    73    86]
 [    5    21    10     2   118  2619   162]
 [    7    15    20    17   166   162  2772]]
2.2_28HZ_windowed_discard_42_extracted.csv
Size	;	44771	;	22052
[[   31     5     0     0    23    10    19]
 [    0  1240     0     0    25    27    21]
 [    1     1  1294     1    77     2    33]
 [    0     1     4   133    12     8    34]
 [    8    19    16     5 12884    58    70]
 [    7     9     7     1   127  2608   140]
 [    9    16    13    10   119   180  2744]]
2.2_29HZ_windowed_discard_43_extracted.csv
Size	;	45310	;	22317
[[   53     3     0     0    25    11    25]
 [    3  1237     0     0    19    32    24]
 [    1     6  1321     3    96     3    35]
 [    0     1     3   129    15     5    35]
 [    3    11    17     5 12984    88    89]
 [    5    15    17     3   110  2650   147]
 [    4    16    24    13   139   156  2736]]
2.2_30HZ_windowed_discard_45_extracted.csv
Size	;	44774	;	22053
[[   53     9     0     0     9    11    24]
 [    3  1271     0     0    22    27    26]
 [    0     2  1330     2   104     8    24]
 [    0     0     1   141    11     2    40]
 [    4    20    14     7 12757    71    89]
 [    7    15     6     3   112  2619   179]
 [   10    13    19     7   150   141  2690]]
2.2_31HZ_windowed_discard_46_extracted.csv
Size	;	45271	;	22299
[[   48     4     0     0    25    16    10]
 [    5  1200     0     0    21    29    25]
 [    0     0  1364     3    85     5    26]
 [    0     1     1   129    15     7    41]
 [    5    10    18     8 12977    79    66]
 [    5    12    10     2    99  2630   174]
 [    6    10    17    14   125   159  2813]]
2.2_32HZ_windowed_discard_48_extracted.csv
Size	;	44773	;	22053
[[   41     9     0     0    12    14    29]
 [    2  1210     1     0    24    31    31]
 [    1     1  1299     2    98     6    37]
 [    1     0     3   139    16     5    40]
 [    0    18    12     7 12775    80    70]
 [    7    10     7     1   106  2619   152]
 [    6    15    17     7   143   154  2795]]
2.2_33HZ_windowed_discard_49_extracted.csv
Size	;	45244	;	22285
[[   44     6     0     0    18    17    24]
 [    2  1199     0     0    18    13    24]
 [    0     3  1328     5    86     0    23]
 [    0     0     5   143     7    10    33]
 [   10    13    15     7 12966    79    94]
 [    4    16    10     1   125  2685   161]
 [    6    13    14    14   135   185  2724]]
2.2_34HZ_windowed_discard_51_extracted.csv
Size	;	44770	;	22052
[[   43    12     0     0     9    23    16]
 [    2  1212     0     0    22    26    28]
 [    1     1  1355     2   100     7    25]
 [    0     1     3   127    17     6    34]
 [    2    12     8     6 12733    94    61]
 [    4    13    10     4   134  2610   169]
 [   12     7    19    10   137   185  2750]]
2.2_35HZ_windowed_discard_52_extracted.csv
Size	;	45220	;	22273
[[   53     3     0     0    20    13    16]
 [    0  1175     1     0    24    30    19]
 [    1     6  1267     1   104     6    34]
 [    0     1     3   127    20    10    45]
 [    5    12    14     7 13006    80    60]
 [    6    17     8     2   110  2690   138]
 [    6    10    19     6   158   176  2764]]
2.2_36HZ_windowed_discard_54_extracted.csv
Size	;	44772	;	22052
[[   40     4     0     0    14    26    11]
 [    0  1204     0     0    16    25    26]
 [    3     2  1304     2    91     6    30]
 [    0     1     3   128    14    11    39]
 [    2    11    17     7 12880    98    69]
 [    3    10    14     1   123  2566   145]
 [   11    16    16     8   133   189  2733]]
2.2_37HZ_windowed_discard_55_extracted.csv
Size	;	45193	;	22260
[[   54     5     0     0    14    18    29]
 [    2  1191     1     0    21    31    16]
 [    0     1  1299     2    94     4    22]
 [    0     1     1   149    11    16    34]
 [    2    16    15     6 13081    82    86]
 [    5    11    13     2   108  2599   162]
 [    5    11    20    15   127   167  2711]]
2.2_38HZ_windowed_discard_57_extracted.csv
Size	;	44772	;	22053
[[   53     5     0     0    20    17    22]
 [    2  1248     0     0    24    26    22]
 [    1     1  1306     1    84    13    28]
 [    0     0     1   146    15    12    34]
 [    5    16    14     7 12729    95    69]
 [    7    15    13     0   121  2626   129]
 [    6     9    16     5   154   178  2758]]
2.2_39HZ_windowed_discard_58_extracted.csv
Size	;	45169	;	22248
[[   56     4     0     0    25    12    19]
 [    1  1220     0     0    14    23    20]
 [    1     0  1340     2   101     5    34]
 [    0     1     5   136    16     4    41]
 [    9    16     7     9 12910    76    88]
 [    8    19    12     0    98  2694   151]
 [   10    18    22    15   140   173  2693]]
2.2_40HZ_windowed_discard_60_extracted.csv
Size	;	44773	;	22053
[[   52     3     1     0    15    12    22]
 [    4  1259     0     0    20    25    20]
 [    1     4  1331     0    77     7    33]
 [    0     2     1   117    14    10    39]
 [    7    14     9     6 12766    82    70]
 [    6    10     7     1    98  2687   146]
 [    6    14    17     9   128   181  2720]]
2.2_41HZ_windowed_discard_61_extracted.csv
Size	;	45153	;	22241
[[   45     5     1     0    22    10    25]
 [    3  1160     2     0    22    30    23]
 [    2     4  1372     3    80     5    29]
 [    0     0     4   140    10     7    44]
 [    5    24    20     7 12917    88    83]
 [    4    16     6     0   107  2629   146]
 [    8    17    13    15   147   154  2787]]
2.2_42HZ_windowed_discard_63_extracted.csv
Size	;	44774	;	22053
[[   49     9     0     0    19    23    17]
 [    2  1259     0     0    21    20    22]
 [    1     2  1280     2    84     5    17]
 [    0     0     2   133    19     8    36]
 [    2     9    14     6 12956    82    71]
 [    4    17    16     1   103  2522   154]
 [   12    12    18    10   126   161  2727]]
2.2_43HZ_windowed_discard_64_extracted.csv
Size	;	45134	;	22231
[[   48     7     0     0    13    24    15]
 [    1  1239     0     0    11    29    23]
 [    3     4  1344     4    84     5    29]
 [    0     2     3   152    13     5    38]
 [    4    12    11     3 12862    75    99]
 [   10     9     3     1   114  2686   155]
 [    7    17    19     8   128   158  2754]]
2.2_44HZ_windowed_discard_66_extracted.csv
Size	;	44774	;	22054
[[   55     6     0     1    20    14    21]
 [    2  1170     1     1    21    19    20]
 [    0     4  1275     0    80     7    29]
 [    0     3     9   139    12     4    36]
 [    4    18    12     4 12913    76    75]
 [    6    17     9     0   105  2638   141]
 [    7    17    16     5   134   159  2749]]
2.2_45HZ_windowed_discard_67_extracted.csv
Size	;	45123	;	22225
[[   52     5     0     0    23    12    12]
 [    2  1209     1     0    16    34    21]
 [    1     2  1335     4    90     6    26]
 [    1     0     4   120    18     8    33]
 [    3    12    14     1 12883    92    72]
 [    6    12     4     2   118  2673   159]
 [    7    13    20    13   125   170  2791]]
2.2_46HZ_windowed_discard_69_extracted.csv
Size	;	44776	;	22054
[[   40     4     0     0    12    18    21]
 [    2  1189     0     0    19    31    25]
 [    0     0  1312     1    83     6    30]
 [    0     1     1   135    16    10    39]
 [    3    10    11     4 12921    74    61]
 [    0    16    10     4   103  2621   138]
 [   11    16    20     4   133   167  2732]]
2.2_47HZ_windowed_discard_70_extracted.csv
Size	;	45110	;	22219
[[   51     7     0     0    23    17    24]
 [    1  1234     1     0    21    25    23]
 [    2     1  1332     2    96    12    30]
 [    0     1     1   148    11    11    40]
 [    6     7    10     5 12874    87    67]
 [    3    18    14     0   128  2597   150]
 [   10    22    20    10   134   163  2780]]
2.2_48HZ_windowed_discard_72_extracted.csv
Size	;	44775	;	22054
[[   43     5     0     0    18    19    19]
 [    2  1189     0     0    33    23    23]
 [    2     3  1316     3    82     6    28]
 [    0     1     2   134    19     7    31]
 [    6    12    13     5 12827    78    78]
 [    5    11    11     6   132  2663   150]
 [    8     9    19     5   136   162  2710]]
2.2_49HZ_windowed_discard_73_extracted.csv
Size	;	45095	;	22212
[[   45     6     1     0    16    15    23]
 [    2  1209     0     0    10    28    15]
 [    1     5  1347     3    98     5    34]
 [    1     2     5   135     8     6    42]
 [    1    15    15     5 12854    63    81]
 [    8    11     8     3   108  2615   175]
 [    6    23    16    14   149   158  2822]]
2.2_50HZ_windowed_discard_75_extracted.csv
Size	;	44774	;	22054
[[   42     8     0     0    23    14    14]
 [    2  1213     1     0    30    27    18]
 [    2     1  1308     1    87     3    30]
 [    0     1     4   133    18     9    33]
 [    2    11    16     3 12802    81    76]
 [    6    17     9     1   119  2609   143]
 [   12    16    18     8   139   167  2777]]
2.2_51HZ_windowed_discard_76_extracted.csv
Size	;	45086	;	22207
[[   49     1     1     0    22    16    25]
 [    0  1217     0     0    15    30    24]
 [    0     3  1381     3    85     8    21]
 [    0     0     6   141    19     7    31]
 [    4    10    15     4 12850    93    76]
 [    6    12    13     2   105  2663   170]
 [    6    18    21    11   115   175  2733]]
2.2_52HZ_windowed_discard_78_extracted.csv
Size	;	44775	;	22054
[[   45     5     1     0    17    16    26]
 [    3  1231     0     0    16    39    16]
 [    0     3  1251     4    93     4    32]
 [    0     1     8   144     8     6    38]
 [    7    16    19     1 12767    84    67]
 [    8     5    12     2   132  2646   159]
 [    4    11    16     6   124   180  2781]]
2.2_53HZ_windowed_discard_79_extracted.csv
Size	;	45070	;	22200
[[   48     5     0     0    21    14    23]
 [    0  1259     1     0    16    21    21]
 [    1     1  1326     1    95     4    37]
 [    0     2     3   122    14    12    33]
 [    3     8    13     6 12916    95    78]
 [    5    19    11     1   105  2582   144]
 [   12    12    15     8   148   167  2772]]
2.2_54HZ_windowed_discard_81_extracted.csv
Size	;	44774	;	22054
[[   35     5     0     0    16    15    14]
 [    4  1256     1     0    15    33    24]
 [    1     0  1285     4    82     5    29]
 [    1     0     4   132    14     9    33]
 [    5    10    14     3 12853    61    88]
 [    9    13    13     2   110  2635   134]
 [   10    16    20     5   138   149  2749]]
2.2_55HZ_windowed_discard_82_extracted.csv
Size	;	45062	;	22196
[[   49     3     0     1    22    15    18]
 [    1  1215     0     0    17    33    24]
 [    0     3  1286     2    85     9    26]
 [    1     1     5   139    15     5    34]
 [    5    15     8     6 12990    76    83]
 [    6    13     9     3   113  2614   150]
 [    9    12    18     6   142   149  2760]]
2.2_56HZ_windowed_discard_84_extracted.csv
Size	;	44775	;	22054
[[   55     2     0     0    15    14    18]
 [    2  1179     0     0    25    28    17]
 [    0     3  1279     1    82     5    36]
 [    1     1     2   139    16    11    29]
 [    0    10    18     2 12871    80    64]
 [    6     7     7     0   127  2659   145]
 [    9    15    19     9   149   153  2744]]
2.2_57HZ_windowed_discard_85_extracted.csv
Size	;	45054	;	22192
[[   60     6     0     0    21    19    15]
 [    2  1229     0     0    23    34    25]
 [    2     1  1312     1    84     4    26]
 [    0     0     4   132    17     8    40]
 [    5    15    21     1 12905    75    75]
 [    7     9     9     0   124  2561   143]
 [    5    13    22     7   152   168  2810]]
2.2_58HZ_windowed_discard_87_extracted.csv
Size	;	44774	;	22054
[[   44     5     0     0    22    12    20]
 [    1  1239     1     1    18    27    18]
 [    1     2  1288     1    81     2    14]
 [    1     1     3   115    12     7    40]
 [    5    14    10     5 12806    78    80]
 [   10    18    13     4   118  2624   133]
 [    6    21    23     6   120   186  2798]]
2.2_59HZ_windowed_discard_88_extracted.csv
Size	;	45038	;	22184
[[   42     7     0     0    15    27    30]
 [    0  1252     0     0    19    29    20]
 [    1     2  1288     2    84     8    33]
 [    1     0     1   151    10     6    30]
 [    6    16    17     5 12780    75    75]
 [    7    13    10     1   123  2667   144]
 [    7    19    10     8   146   186  2811]]
2.2_60HZ_windowed_discard_90_extracted.csv
Size	;	44775	;	22054
[[   53     5     0     1    26    18    25]
 [    1  1211     0     0    24    24    19]
 [    1     0  1289     2    92    10    39]
 [    0     1     2   146    15     9    48]
 [    6    12    14     6 12767    80    78]
 [    5    16    13     2   107  2641   152]
 [   11    16    14     8   149   160  2736]]
2.2_61HZ_windowed_discard_91_extracted.csv
Size	;	45032	;	22181
[[   37     4     0     1    26    19    20]
 [    1  1233     0     0    16    23    18]
 [    0     1  1304     3   104     5    21]
 [    0     1     3   148    14     7    43]
 [    2    11    13     5 12973    74    79]
 [    1    11    10     0   132  2607   151]
 [    8    21    18    14   146   162  2691]]
2.2_62HZ_windowed_discard_93_extracted.csv
Size	;	44774	;	22054
[[   44     7     0     0    18    11    24]
 [    1  1195     0     0    22    23    23]
 [    2     3  1308     1    97     5    26]
 [    0     1     2   137    19    10    29]
 [    2    13    13     3 12913    89    64]
 [    6    11    12     1    99  2593   171]
 [    9    15    15     7   129   135  2746]]
2.2_63HZ_windowed_discard_94_extracted.csv
Size	;	45026	;	22177
[[   44     5     1     0    21    15    22]
 [    3  1212     0     0    26    32    30]
 [    1     2  1387     0   108     5    29]
 [    0     1     2   153    19     6    29]
 [    6    15     9     8 12897    73    73]
 [    1    16     4     1   105  2566   146]
 [    7    16    10    10   135   155  2771]]
2.2_64HZ_windowed_discard_96_extracted.csv
Size	;	44775	;	22054
[[   51    13     0     0    14    15    24]
 [    3  1233     1     0    23    26    23]
 [    0     3  1273     4   105     7    27]
 [    0     0     4   139    21    11    38]
 [    2    14    20     4 12782    86    78]
 [    3     9    14     0   101  2622   163]
 [    4    18    23     5   136   161  2751]]
2.2_65HZ_windowed_discard_97_extracted.csv
Size	;	45020	;	22175
[[   45     7     0     0    23    17    17]
 [    2  1250     0     0    26    31    18]
 [    1     2  1320     1    86    10    21]
 [    0     0     4   145    22     6    38]
 [    3    13    11     6 12914    86    70]
 [    6    11    10     1   119  2598   122]
 [    8    17    24     9   127   172  2756]]
2.2_66HZ_windowed_discard_99_extracted.csv
Size	;	44775	;	22054
[[   44     3     0     0    26    24    26]
 [    0  1240     0     0    18    27    22]
 [    0     1  1264     2    93     6    27]
 [    0     2     4   142    14    11    42]
 [    3     9    15     1 12805    69    79]
 [    3    19     9     1   114  2625   154]
 [    4    14    18     8   126   158  2782]]
2.2_67HZ_windowed_discard_100_extracted.csv
Size	;	45017	;	22173
[[   49     6     0     1    17    18    16]
 [    3  1172     0     0    21    22    18]
 [    2     2  1301     3   101     3    21]
 [    0     0     4   142    14     4    39]
 [    6    16    12     3 12921    75    75]
 [    8    15     5     2   124  2608   136]
 [    7    16    12     8   155   173  2817]]
2.2_68HZ_windowed_discard_102_extracted.csv
Size	;	44775	;	22054
[[   46     6     0     1    15    12    16]
 [    1  1257     0     0    21    27    20]
 [    2     5  1310     3    79     0    28]
 [    0     1     3   131    14     6    40]
 [    4     8     7     2 13031    68    74]
 [    5     9     6     3   103  2525   136]
 [    6    13    24     4   125   154  2703]]
2.2_69HZ_windowed_discard_103_extracted.csv
Size	;	45009	;	22169
[[   49     4     0     0    21    18    19]
 [    5  1253     0     0    19    32    20]
 [    2     2  1340     1    77    11    21]
 [    0     1     2   122     7    10    36]
 [    5    15    21     2 12886    82    66]
 [    7    15     6     2   113  2617   143]
 [    8    15    18    11   107   159  2799]]
2.2_70HZ_windowed_discard_105_extracted.csv
Size	;	44776	;	22054
[[   48     7     0     0    26     9    15]
 [    0  1151     0     1    25    25    21]
 [    0     1  1322     4    86     4    23]
 [    1     1     5   131    12    11    31]
 [    4    10    16     4 12940    74    77]
 [    4    13    13     2   113  2618   139]
 [   12    13    21     7   147   145  2722]]
2.2_71HZ_windowed_discard_106_extracted.csv
Size	;	45002	;	22166
[[   39     7     1     0    18    16    16]
 [    0  1183     2     1    13    29    17]
 [    0     0  1309     3    75     2    32]
 [    0     0     6   136    13     6    48]
 [    5    15    16     1 12936    83    63]
 [    8    10     8     1   117  2649   141]
 [    5    18    11    11   156   148  2792]]
2.2_72HZ_windowed_discard_108_extracted.csv
Size	;	44775	;	22054
[[   44     4     0     0    19    21    21]
 [    1  1207     0     0    20    25    11]
 [    0     2  1324     2    71     7    28]
 [    0     1     5   140    11     5    39]
 [    4     8    12     2 12834    83    74]
 [    4    14     5     1   152  2608   144]
 [    4    26    10     5   145   163  2748]]
2.2_73HZ_windowed_discard_109_extracted.csv
Size	;	44997	;	22164
[[   40     5     0     0    23    14    24]
 [    1  1193     0     0    15    22    20]
 [    1     3  1276     2    98     5    26]
 [    0     0     0   113    11    12    40]
 [    7    13    12     4 13037    91    62]
 [    3    18     6     1   114  2681   154]
 [    5    15    11    10   150   139  2687]]
2.2_74HZ_windowed_discard_111_extracted.csv
Size	;	44776	;	22054
[[   44     9     1     0    13    17    19]
 [    3  1241     1     1    17    26    19]
 [    0     2  1336     1    79     2    31]
 [    0     1     4   145    14     9    33]
 [    2     9    17     0 12931    71    58]
 [    7    11    13     0   108  2475   170]
 [    8     8    20    10   140   173  2755]]
2.2_75HZ_windowed_discard_112_extracted.csv
Size	;	44988	;	22159
[[   41     2     0     0    17    14    17]
 [    3  1215     0     1    21    28    18]
 [    0     1  1269     3    84     5    46]
 [    0     0     3   139    17     7    45]
 [    2     9    12     2 12886    86    82]
 [   10     8    10     1   129  2607   138]
 [    6    17    13    10   141   152  2842]]
2.2_76HZ_windowed_discard_114_extracted.csv
Size	;	44776	;	22054
[[   45     6     0     0    17    16    20]
 [    3  1225     0     0    19    30    23]
 [    1     1  1305     2    76     4    35]
 [    0     0     4   148    15    13    51]
 [    3    15    19     2 12807    81    73]
 [    6    13    15     0   107  2564   143]
 [    8    17    15     5   121   157  2824]]
2.2_77HZ_windowed_discard_115_extracted.csv
Size	;	44979	;	22154
[[   49     5     0     0    18    14    22]
 [    3  1218     0     0    27    25    22]
 [    2     0  1304     3    72     4    26]
 [    0     1     7   125    14    10    38]
 [    5    16     8     8 12879    87    87]
 [    7    12    12     2   116  2568   155]
 [    7    16    15     8   119   175  2843]]
2.2_78HZ_windowed_discard_117_extracted.csv
Size	;	44776	;	22054
[[   48     3     0     0    25     9    16]
 [    2  1224     0     0    20    20    31]
 [    1     0  1335     3    95     8    29]
 [    0     0     3   135    18     8    37]
 [    4     9    19     0 12806    93    73]
 [    9    11     9     0   120  2568   154]
 [    3    12    15     8   131   149  2791]]
2.2_79HZ_windowed_discard_118_extracted.csv
Size	;	44975	;	22152
[[   45     3     0     0    16    17    25]
 [    1  1227     0     0    19    26    18]
 [    2     2  1289     3    94     4    27]
 [    0     0     6   139    13     5    29]
 [    2    22    20     6 12887    82    54]
 [    7    15    11     3   117  2647   153]
 [    4    12    16    14   130   166  2774]]
2.2_80HZ_windowed_discard_120_extracted.csv
Size	;	44776	;	22054
[[   47     6     0     1    19    15    23]
 [    1  1172     0     0    23    29    20]
 [    1     3  1274     3    93     2    26]
 [    0     0     2   123    13     6    33]
 [    4    12     8     4 12895    72    61]
 [    5    16     9     0   121  2668   174]
 [    9    20    14    11   152   165  2699]]
2.2_81HZ_windowed_discard_121_extracted.csv
Size	;	44973	;	22151
[[   49     4     1     1    16    18    19]
 [    1  1233     0     0    15    34    21]
 [    0     2  1357     0    90     3    24]
 [    0     0     3   134    14     6    35]
 [    3     6     7     1 12850    66    84]
 [    2    14     5     2   107  2667   156]
 [    8    14    16    11   132   135  2785]]
2.2_82HZ_windowed_discard_123_extracted.csv
Size	;	44776	;	22054
[[   38    13     0     0    16    15    19]
 [    0  1271     0     0    16    28    18]
 [    3     4  1329     2    98     6    30]
 [    0     1     3   142    15     7    33]
 [    2    15    11     1 12828    74    69]
 [    5     9    16     1   119  2641   134]
 [    6    12     7    10   128   159  2700]]
2.2_83HZ_windowed_discard_124_extracted.csv
Size	;	44968	;	22149
[[   44     4     1     0    17    19    18]
 [    2  1220     0     0    24    22    17]
 [    0     1  1302     0    93     6    37]
 [    0     2     4   134    14     4    38]
 [    8    10    19     3 12881    72    71]
 [    4    14     9     3   111  2665   135]
 [    5    20    11     8   136   182  2759]]
2.2_84HZ_windowed_discard_126_extracted.csv
Size	;	44776	;	22054
[[   37    10     0     0    19    14    15]
 [    1  1214     0     0    26    35    17]
 [    0     1  1289     2   101    10    33]
 [    0     0     2   137    14     7    36]
 [    4    11    12     1 12900    78    82]
 [    7    10    11     3   121  2554   165]
 [    9    15    16     7   140   170  2718]]
2.2_85HZ_windowed_discard_127_extracted.csv
Size	;	44961	;	22146
[[   50     1     0     0    21    12    18]
 [    1  1256     0     0    21    30    18]
 [    2     3  1272     3    85     6    32]
 [    1     2     6   156    11     9    35]
 [    3    13     9     4 12936    84    77]
 [    3    15     6     1   110  2586   164]
 [    7    12    18    12   132   166  2737]]
2.2_86HZ_windowed_discard_129_extracted.csv
Size	;	44775	;	22054
[[   45     7     0     0    28    19    20]
 [    4  1207     0     0    21    32    14]
 [    1     2  1296     2    99     4    31]
 [    0     0     3   143    20     9    32]
 [    6    14    14     3 12727    96    72]
 [    3     7    10     2   101  2711   152]
 [    7    16    17     8   151   176  2722]]
2.2_87HZ_windowed_discard_130_extracted.csv
Size	;	44957	;	22143
[[   52     3     1     0    30    18    21]
 [    5  1218     0     0    25    35    18]
 [    1     3  1244     0    75     8    26]
 [    0     0     2   124    17     9    31]
 [    4    14    12     0 12961    77    64]
 [    3     7     8     1   112  2612   145]
 [    7     9    18    11   129   160  2823]]
2.2_88HZ_windowed_discard_132_extracted.csv
Size	;	44776	;	22054
[[   48     3     0     1    25     8    34]
 [    3  1203     0     0    13    32    14]
 [    0     1  1309     1    83    10    36]
 [    0     1     2   139    12    10    45]
 [    3    14    17     2 12823    82    90]
 [    8    13    10     4    96  2595   165]
 [    6     9    13     7   121   170  2773]]
2.2_89HZ_windowed_discard_133_extracted.csv
Size	;	44955	;	22143
[[   46     4     0     0    16    15    18]
 [    2  1258     0     0    17    28    17]
 [    1     2  1345     3    87     7    26]
 [    0     1     5   128     9     6    37]
 [    5    14    13     1 12894    77    57]
 [    5    17     4     4    97  2669   160]
 [    6    16    16     3   161   165  2681]]
2.2_90HZ_windowed_discard_135_extracted.csv
Size	;	44776	;	22054
[[   46     8     0     0    17    13    18]
 [    4  1181     0     0    22    20    21]
 [    1     0  1317     1    85     4    28]
 [    0     3     6   151    14     8    36]
 [    4    11    14     8 12812    73    68]
 [    7    12    13     5   113  2598   157]
 [   12    15    20     8   132   142  2826]]
2.2_91HZ_windowed_discard_136_extracted.csv
Size	;	44952	;	22142
[[   38     1     0     0    18    17    17]
 [    3  1218     0     0    31    16    16]
 [    0     0  1319     4    94     5    40]
 [    0     1     6   125    20     5    41]
 [    6    10    15     0 12864    87    72]
 [    8    15    13     1    97  2660   136]
 [   11     9    14    10   125   167  2787]]
2.2_92HZ_windowed_discard_138_extracted.csv
Size	;	44776	;	22054
[[   51     3     0     0    20    17    19]
 [    1  1195     0     0    19    39    16]
 [    0     2  1246     2    75     4    29]
 [    1     1     4   132    14    10    35]
 [    4    14    18     3 12825    92    77]
 [    9    12     4     2   114  2620   156]
 [    3    17    30     7   119   154  2839]]
2.2_93HZ_windowed_discard_139_extracted.csv
Size	;	44948	;	22139
[[   43     5     0     1    25    22    17]
 [    2  1256     0     0    19    29    19]
 [    2     2  1290     1   100     2    24]
 [    0     1     2   134    17     9    45]
 [    5    20    13     3 12924    78    67]
 [    1    11     6     2   100  2662   155]
 [    6    14    16    12   123   143  2711]]
2.2_94HZ_windowed_discard_141_extracted.csv
Size	;	44776	;	22054
[[   51     5     0     0    19    19    22]
 [    2  1231     0     0    26    24    25]
 [    0     2  1256     2    97     9    24]
 [    0     0     4   141    15     4    34]
 [    2    14    11     3 12813    91    78]
 [    3    15     7     5   109  2668   148]
 [    9    10    18     6   153   164  2715]]
2.2_95HZ_windowed_discard_142_extracted.csv
Size	;	44944	;	22137
[[   45     6     0     1    20    13    25]
 [    0  1202     1     1    17    33    19]
 [    2     7  1288     1   106     4    38]
 [    1     0     2   131    13     5    38]
 [    7    12     9     1 12815    93    93]
 [    4    13    15     3   118  2656   141]
 [    8    19    21     8   134   159  2789]]
2.2_96HZ_windowed_discard_144_extracted.csv
Size	;	44776	;	22054
[[   51     7     0     0    23     9    13]
 [    1  1243     0     0    20    32    19]
 [    1     1  1283     2    88     6    35]
 [    0     0     2   141    11     6    41]
 [    1     6    11     2 12851    78    72]
 [   10    12     9     4   118  2605   156]
 [    5    14    17     7   122   151  2768]]
2.2_97HZ_windowed_discard_145_extracted.csv
Size	;	44941	;	22136
[[   46     5     1     0    19    14    24]
 [    4  1188     0     1    32    22    21]
 [    2     1  1306     0    86    11    37]
 [    0     1     3   145    16     7    41]
 [    4    15    15     3 12837    81    86]
 [   11    10    12     0   120  2641   156]
 [    4    13    15     6   146   152  2776]]
2.2_98HZ_windowed_discard_147_extracted.csv
Size	;	44776	;	22054
[[   52     2     0     0    15    11    25]
 [    1  1213     1     1    14    32    17]
 [    2     4  1360     3    95     9    31]
 [    1     1     1   145    17     7    37]
 [    7    10    17     2 12825    87    61]
 [    3    16    17     1   104  2575   164]
 [    8    14    18     4   128   164  2732]]
2.2_99HZ_windowed_discard_148_extracted.csv
Size	;	44938	;	22135
[[   46     2     0     1    20    15    22]
 [    3  1226     0     0    26    33    21]
 [    2     3  1327     3    96     6    31]
 [    1     0     2   141    11     3    34]
 [    5    15    11     3 12781    71    69]
 [    8    15    10     1   112  2659   172]
 [    4    12    16     8   138   156  2794]]
2.2_100HZ_windowed_discard_150_extracted.csv
Size	;	44776	;	22054
[[   49     5     0     1    13    16    20]
 [    0  1223     1     0    18    32    21]
 [    0     3  1343     2    89     8    19]
 [    0     1     2   154    11     7    31]
 [    6    15    13     3 12736    73    65]
 [    4    15     7     3   114  2670   163]
 [   10    12    18     7   142   171  2738]]
