data_textlabels_windowed_discard_50_extracted.csv
Size	;	135541	;	66760
[[  135    17     0     0    47    59    94]
 [    2  3528     2     0    41    81    60]
 [    2    11  3955     9   193    21    99]
 [    1     2     4   428    38    17   145]
 [    3    42    29     9 38495   223   288]
 [    9    42    14     9   268  8000   625]
 [   19    76    37    41   289   683  8568]]
data_textlabels_windowed_discard_100_extracted.csv
Size	;	67458	;	33227
[[   70    11     0     1    32    26    41]
 [    2  1820     0     0    32    29    30]
 [    0     3  1939     0   116     8    34]
 [    0     2     3   193    29     7    53]
 [   10    21    18     4 19400   116    90]
 [    8    26    10     4   152  3961   230]
 [    8    30    27    13   184   281  4153]]
data_textlabels_windowed_discard_150_extracted.csv
Size	;	44776	;	22054
[[   48     4     0     0    23    13    28]
 [    1  1257     0     0    16    22    17]
 [    0     1  1318     0    85     6    28]
 [    0     0     0   131    12     9    36]
 [    3     7    16     6 12786    90    52]
 [    4    15    13     1   116  2587   140]
 [    7    15    23     5   143   144  2826]]
data_textlabels_windowed_discard_200_extracted.csv
Size	;	33430	;	16467
[[  33    1    2    0   16   11   11]
 [   2  942    0    0   21   18   10]
 [   1    3  980    1   69    3   26]
 [   0    1    5  106   14    5   25]
 [   2   10   12    3 9592   54   57]
 [   6    8    4    0   85 1944   76]
 [   2    6   15    5  112  116 2052]]
data_textlabels_windowed_discard_250_extracted.csv
Size	;	26633	;	13119
[[  31    4    0    0   17   13    8]
 [   2  710    0    0   19   13   12]
 [   1    4  713    0   73    2   28]
 [   0    0    3   88    6    5   24]
 [   1   10    5    2 7710   52   44]
 [   4    9    3    0   77 1545   67]
 [   3    7    9    2  114   63 1616]]
data_textlabels_windowed_discard_300_extracted.csv
Size	;	22087	;	10879
[[  23    2    0    0    9   10    7]
 [   1  653    0    0   12   20   10]
 [   0    0  617    0   63    3   15]
 [   0    0    3   58    6    9   18]
 [   2    7    4    2 6410   30   26]
 [   2    9   11    0   78 1277   38]
 [   3    8   13    2   74   51 1293]]
data_textlabels_windowed_discard_350_extracted.csv
Size	;	18827	;	9273
[[  12    2    0    0    6    3    2]
 [   1  515    0    0   13   13    4]
 [   1    1  531    0   53    5   11]
 [   0    0    3   67    9    5    8]
 [   2    9    9    0 5495   53   34]
 [   3    6    8    0   52 1042   37]
 [   4    5    8    4   68   50 1119]]
data_textlabels_windowed_discard_400_extracted.csv
Size	;	16398	;	8077
[[  10    0    0    0    8    3    4]
 [   1  432    0    0   11    9    6]
 [   1    0  474    0   46    3   19]
 [   0    0    2   56    8    3    9]
 [   1   12    7    1 4737   39   24]
 [   3    3    5    1   56  952   41]
 [   2    1    5    5   81   32  964]]
data_textlabels_windowed_discard_450_extracted.csv
Size	;	14535	;	7160
[[   9    2    0    0    7    5    3]
 [   0  390    0    1   16    4    6]
 [   1    0  415    0   45    3   11]
 [   0    0    0   59    4    2   10]
 [   3    3    9    2 4246   26   19]
 [   0    3   10    0   49  802   28]
 [   0    2    3    1   72   32  857]]
data_textlabels_windowed_discard_500_extracted.csv
Size	;	13029	;	6418
[[   7    1    0    0    6    4    5]
 [   0  353    0    0   16    9    3]
 [   0    1  368    1   32    3   11]
 [   0    0    2   38    3    2   11]
 [   3    6    8    1 3835   28   19]
 [   0    4    6    1   50  700   18]
 [   0    4   19    1   81   32  726]]
data_textlabels_windowed_discard_550_extracted.csv
Size	;	11780	;	5803
[[   3    2    0    1    4    3    4]
 [   0  341    0    0   10    9    4]
 [   0    1  326    0   28    2    8]
 [   0    0    3   37    3    3    4]
 [   3    2    6    3 3508   30    9]
 [   0    2    8    2   44  626   13]
 [   1    2   11    2   75   26  634]]
data_textlabels_windowed_discard_600_extracted.csv
Size	;	10766	;	5304
[[   7    1    0    0    4    1    2]
 [   1  298    0    0    9    5    4]
 [   0    1  315    0   31    2   15]
 [   0    0    2   37    5    0    7]
 [   0    3    3    0 3220   17   15]
 [   0    5    3    1   45  566   14]
 [   0    2    5    1   51   17  589]]
data_textlabels_windowed_discard_650_extracted.csv
Size	;	9914	;	4884
[[   1    0    0    0    2    1    1]
 [   0  281    0    0    7    7    5]
 [   0    0  287    0   36    3   11]
 [   0    0    2   34    2    0    3]
 [   2    8    3    2 2970   12   10]
 [   1    1    4    0   35  534   22]
 [   0    3   16    1   45   19  513]]
data_textlabels_windowed_discard_700_extracted.csv
Size	;	9159	;	4512
[[   2    4    0    0    4    0    0]
 [   0  251    0    0    7   12    2]
 [   0    0  271    1   27    3    6]
 [   0    0    0   21    1    0    6]
 [   0    5    7    0 2704   27   14]
 [   0    3    6    0   33  486   20]
 [   0    1   12    0   44   18  514]]
data_textlabels_windowed_discard_750_extracted.csv
Size	;	8527	;	4201
[[   4    1    0    0    5    0    1]
 [   0  245    0    0    8    9    1]
 [   1    0  260    0   27    3    6]
 [   0    0    3   24    4    5    3]
 [   1    4    3    1 2530   26   12]
 [   0    4    4    0   31  460    9]
 [   0    2   10    0   50   16  428]]
data_textlabels_windowed_discard_800_extracted.csv
Size	;	7960	;	3922
[[   3    0    1    0    3    0    2]
 [   0  211    0    0    9    9    2]
 [   0    0  227    1   27    1    5]
 [   0    0    3   27    1    3    7]
 [   1    4    6    0 2427   24    9]
 [   0    2    2    0   22  413   11]
 [   0    0   11    1   41   16  390]]
data_textlabels_windowed_discard_850_extracted.csv
Size	;	7467	;	3679
[[   2    0    0    0    2    1    0]
 [   0  196    0    0   11    9    2]
 [   0    0  216    0   24    0    3]
 [   0    0    1   16    2    0    4]
 [   1    2    5    1 2245   22   13]
 [   0    1    5    0   27  402    8]
 [   0    1    7    1   38   18  393]]
data_textlabels_windowed_discard_900_extracted.csv
Size	;	7034	;	3465
[[   0    2    0    0    3    2    0]
 [   0  180    0    0    7    4    0]
 [   0    0  198    0   20    4   11]
 [   0    0    2   16    2    2    4]
 [   1    2    7    1 2105   21   16]
 [   0    2    4    0   34  382    9]
 [   0    0    9    0   36   16  363]]
data_textlabels_windowed_discard_950_extracted.csv
Size	;	6635	;	3269
[[   1    0    0    0    2    0    1]
 [   0  204    0    0    9    2    0]
 [   0    0  188    1   22    2    6]
 [   0    0    2   20    3    0    4]
 [   0    2    9    1 1996   12    9]
 [   1    1    6    0   20  327   11]
 [   0    1   16    0   37    7  346]]
data_textlabels_windowed_discard_1000_extracted.csv
Size	;	6282	;	3095
[[   1    0    0    0    2    1    0]
 [   0  173    0    0    7    8    1]
 [   0    0  187    1   17    2    8]
 [   0    0    0   22    2    0    3]
 [   0    3    3    0 1897   21   13]
 [   0    2    3    0   22  312   12]
 [   0    1   12    1   26    9  323]]
